15 52
 0 1 0 1 1 0 0 0 1 0 1 1 1 0 1
 1 0 1 1 1 0 1 1 1 0 0 1 1 0 0
 0 1 0 1 0 0 0 1 0 0 0 0 0 0 1
 1 1 1 0 1 0 0 1 0 0 0 1 0 0 0
 1 1 0 1 0 1 1 0 1 0 1 1 0 0 0
 0 0 0 0 1 0 1 1 0 0 0 0 1 0 0
 0 1 0 0 1 1 0 1 1 1 0 1 1 0 0
 0 1 1 1 0 1 1 0 1 1 0 0 0 1 0
 1 1 0 0 1 0 1 1 0 1 1 0 1 1 0
 0 0 0 0 0 0 1 1 1 0 1 0 1 0 0
 1 0 0 0 1 0 0 0 1 1 0 1 1 0 1
 1 1 0 1 1 0 1 0 0 0 1 0 1 0 1
 1 1 0 0 0 1 1 0 1 1 1 1 0 1 1
 0 0 0 0 0 0 0 1 1 0 0 0 1 0 1
 1 0 1 0 0 0 0 0 0 0 1 1 1 1 0 
(0.001) 11 : { 1 2 5 7 8 11 13 15 }
