15 79
 0 1 1 0 0 1 1 0 1 1 1 1 1 0 0
 1 0 1 1 1 1 1 1 1 1 0 1 1 1 1
 1 1 0 1 1 0 1 0 0 1 1 1 1 0 0
 0 1 1 0 1 1 1 1 0 0 1 1 1 1 1
 0 1 1 1 0 1 0 1 1 1 1 1 1 1 1
 1 1 0 1 1 0 1 0 1 0 1 1 1 0 0
 1 1 1 1 0 1 0 1 1 1 1 1 1 1 1
 0 1 0 1 1 0 1 0 1 1 1 1 1 1 0
 1 1 0 0 1 1 1 1 0 1 0 0 1 1 1
 1 1 1 0 1 0 1 1 1 0 1 0 1 1 0
 1 0 1 1 1 1 1 1 0 1 0 1 1 0 1
 1 1 1 1 1 1 1 1 0 0 1 0 1 0 1
 1 1 1 1 1 1 1 1 1 1 1 1 0 1 0
 0 1 0 1 1 0 1 1 1 1 0 0 1 0 1
 0 1 0 1 1 0 1 0 1 0 1 1 0 1 0
(0.001) 12 : { 2 4 5 7 9 10 11 12 13 }
