15 100
 0 1 1 1 1 1 1 1 1 1 1 1 1 1 1
 1 0 1 1 1 1 1 1 1 1 1 1 1 1 1
 1 1 0 1 1 0 1 1 1 1 1 1 1 1 1
 1 1 1 0 1 1 1 1 1 1 1 1 1 1 1
 1 1 1 1 0 1 0 1 1 1 1 1 1 1 1
 1 1 0 1 1 0 1 1 1 1 1 1 1 1 0
 1 1 1 1 0 1 0 1 1 1 1 1 1 1 1
 1 1 1 1 1 1 1 0 1 1 1 1 1 1 1
 1 1 1 1 1 1 1 1 0 1 1 1 1 1 1
 1 1 1 1 1 1 1 1 1 0 1 1 1 1 1
 1 1 1 1 1 1 1 1 1 1 0 1 1 0 1
 1 1 1 1 1 1 1 1 1 1 1 0 1 1 1
 1 1 1 1 1 1 1 1 1 1 1 1 0 1 0
 1 1 1 1 1 1 1 1 1 1 0 1 1 0 1
 1 1 1 1 1 0 1 1 1 1 1 1 0 1 0
(0.000) 14 : { 1 2 3 4 5 7 8 9 10 11 12 14 }
