16 30
 0 1 0 0 1 0 0 0 0 0 0 0 0 0 1 1
 1 0 1 0 0 0 1 0 0 0 0 0 0 0 0 0
 0 1 0 1 0 0 0 0 0 0 0 0 0 0 0 0
 0 0 1 0 1 0 0 0 0 0 0 0 0 0 1 0
 1 0 0 1 0 1 0 1 0 1 0 0 0 0 1 0
 0 0 0 0 1 0 1 0 0 0 0 0 0 0 1 0
 0 1 0 0 0 1 0 1 0 0 0 0 0 1 0 0
 0 0 0 0 1 0 1 0 1 0 0 0 0 1 0 0
 0 0 0 0 0 0 0 1 0 1 0 0 0 0 1 0
 0 0 0 0 1 0 0 0 1 0 1 0 0 0 0 1
 0 0 0 0 0 0 0 0 0 1 0 1 0 0 0 0
 0 0 0 0 0 0 0 0 0 0 1 0 1 0 0 0
 0 0 0 0 0 0 0 0 0 0 0 1 0 1 0 1
 0 0 0 0 0 0 1 1 0 0 0 0 1 0 1 0
 1 0 0 1 1 1 0 0 1 0 0 0 0 1 0 1
 1 0 0 0 0 0 0 0 0 1 0 0 1 0 1 0
(0.018) 9 : { 1 5 7 10 13 15 }
