16 60
 0 1 0 0 1 0 1 0 0 1 0 1 0 0 0 0
 1 0 1 0 0 1 0 0 1 0 1 1 1 1 0 0
 0 1 0 1 0 1 0 0 1 1 0 1 1 1 1 0
 0 0 1 0 1 1 1 0 1 1 1 1 0 0 1 0
 1 0 0 1 0 1 1 1 0 1 1 0 0 0 0 0
 0 1 1 1 1 0 1 0 0 0 0 0 0 1 0 1
 1 0 0 1 1 1 0 1 1 0 0 1 1 0 0 1
 0 0 0 0 1 0 1 0 1 0 0 0 1 0 0 0
 0 1 1 1 0 0 1 1 0 1 0 1 0 0 0 1
 1 0 1 1 1 0 0 0 1 0 1 1 0 0 1 0
 0 1 0 1 1 0 0 0 0 1 0 1 1 1 1 0
 1 1 1 1 0 0 1 0 1 1 1 0 1 0 0 1
 0 1 1 0 0 0 1 1 0 0 1 1 0 1 1 0
 0 1 1 0 0 1 0 0 0 0 1 0 1 0 1 1
 0 0 1 1 0 0 0 0 0 1 1 0 1 1 0 1
 0 0 0 0 0 1 1 0 1 0 0 1 0 1 1 0
(0.030) 12 : { 2 3 4 5 7 9 11 12 14 15 }
