16 90
 0 1 0 1 1 0 1 0 1 1 0 1 1 1 1 1
 1 0 1 1 1 1 0 1 1 1 1 1 1 1 0 1
 0 1 0 1 1 1 1 1 1 1 1 1 1 1 1 0
 1 1 1 0 1 1 1 1 1 1 1 1 0 1 1 0
 1 1 1 1 0 1 1 1 0 1 1 0 1 1 1 0
 0 1 1 1 1 0 1 0 0 1 1 0 0 1 0 1
 1 0 1 1 1 1 0 1 1 0 1 1 1 0 1 1
 0 1 1 1 1 0 1 0 1 1 1 1 1 0 0 0
 1 1 1 1 0 0 1 1 0 1 0 1 0 0 0 1
 1 1 1 1 1 1 0 1 1 0 1 1 0 0 1 0
 0 1 1 1 1 1 1 1 0 1 0 1 1 1 1 0
 1 1 1 1 0 0 1 1 1 1 1 0 1 1 1 1
 1 1 1 0 1 0 1 1 0 0 1 1 0 1 1 1
 1 1 1 1 1 1 0 0 0 0 1 1 1 0 1 1
 1 0 1 1 1 0 1 0 0 1 1 1 1 1 0 1
 1 1 0 0 0 1 1 0 1 0 0 1 1 1 1 0 
(0.029) 14 : { 1 2 3 4 5 7 10 11 12 13 16 }
