16 114
 0 1 1 1 1 1 1 0 1 1 1 1 1 1 1 1
 1 0 1 1 1 1 0 1 1 1 1 1 1 1 1 1
 1 1 0 1 1 1 1 1 1 1 1 1 1 1 1 1
 1 1 1 0 1 1 1 1 1 1 1 1 1 1 1 1
 1 1 1 1 0 1 1 1 1 1 1 1 1 1 1 1
 1 1 1 1 1 0 1 0 1 1 1 1 1 1 1 1
 1 0 1 1 1 1 0 1 1 1 1 1 1 0 1 1
 0 1 1 1 1 0 1 0 1 1 1 1 1 1 0 1
 1 1 1 1 1 1 1 1 0 1 1 1 1 1 1 1
 1 1 1 1 1 1 1 1 1 0 1 1 1 1 1 0
 1 1 1 1 1 1 1 1 1 1 0 1 1 1 1 1
 1 1 1 1 1 1 1 1 1 1 1 0 1 1 1 1
 1 1 1 1 1 1 1 1 1 1 1 1 0 1 1 1
 1 1 1 1 1 1 0 1 1 1 1 1 1 0 1 1
 1 1 1 1 1 1 1 0 1 1 1 1 1 1 0 1
 1 1 1 1 1 1 1 1 1 0 1 1 1 1 1 0
(0.029) 15 : { 2 3 4 5 7 9 10 11 12 13 14 16 }
