17 34
 0 1 0 1 0 0 0 0 0 0 0 0 0 0 0 0 0
 1 0 1 0 0 1 0 0 1 0 0 0 0 1 1 1 0
 0 1 0 1 0 0 1 0 0 0 0 0 0 0 0 0 0
 1 0 1 0 1 0 0 1 0 0 0 1 0 1 0 0 0
 0 0 0 1 0 1 0 1 0 0 0 0 0 0 0 0 0
 0 1 0 0 1 0 1 0 0 0 1 0 1 0 0 0 0
 0 0 1 0 0 1 0 1 1 0 0 0 0 1 0 0 0
 0 0 0 1 1 0 1 0 1 0 0 0 0 0 0 0 0
 0 1 0 0 0 0 1 1 0 1 0 0 0 0 0 0 0
 0 0 0 0 0 0 0 0 1 0 1 0 0 0 1 0 0
 0 0 0 0 0 1 0 0 0 1 0 1 0 0 0 0 0
 0 0 0 1 0 0 0 0 0 0 1 0 1 0 0 0 0
 0 0 0 0 0 1 0 0 0 0 0 1 0 1 0 0 1
 0 1 0 1 0 0 1 0 0 0 0 0 1 0 1 1 0
 0 1 0 0 0 0 0 0 0 1 0 0 0 1 0 1 0
 0 1 0 0 0 0 0 0 0 0 0 0 0 1 1 0 1
 0 0 0 0 0 0 0 0 0 0 0 0 1 0 0 1 0
(0.032) 10 : { 2 4 5 7 10 13 }
