17 68
 0 1 0 1 0 0 0 0 0 0 0 0 1 0 0 1 0
 1 0 1 1 0 1 0 0 1 0 0 0 0 1 1 1 0
 0 1 0 1 1 0 1 0 0 1 0 1 1 0 0 1 0
 1 1 1 0 1 0 1 1 1 0 1 1 1 1 0 0 1
 0 0 1 1 0 1 0 1 1 1 0 0 0 1 0 0 0
 0 1 0 0 1 0 1 1 0 0 1 0 1 0 0 0 0
 0 0 1 1 0 1 0 1 1 1 0 1 0 1 0 0 1
 0 0 0 1 1 1 1 0 1 0 0 0 1 0 1 1 0
 0 1 0 1 1 0 1 1 0 1 0 1 0 0 1 0 1
 0 0 1 0 1 0 1 0 1 0 1 0 1 0 1 0 1
 0 0 0 1 0 1 0 0 0 1 0 1 0 0 1 1 1
 0 0 1 1 0 0 1 0 1 0 1 0 1 1 0 0 1
 1 0 1 1 0 1 0 1 0 1 0 1 0 1 0 0 1
 0 1 0 1 1 0 1 0 0 0 0 1 1 0 1 1 0
 0 1 0 0 0 0 0 1 1 1 1 0 0 1 0 1 1
 1 1 1 0 0 0 0 1 0 0 1 0 0 1 1 0 1
 0 0 0 1 0 0 1 0 1 1 1 1 1 0 1 1 0
(0.060) 13 : { 1 3 4 6 8 9 10 11 14 17 }
