17 102
 0 1 0 1 1 0 0 0 0 1 0 1 1 0 1 1 0
 1 0 1 1 1 1 1 1 1 0 1 0 1 1 1 1 1
 0 1 0 1 1 1 1 1 0 1 1 1 1 0 0 1 1
 1 1 1 0 1 1 1 1 1 0 1 1 1 1 1 1 1
 1 1 1 1 0 1 1 1 1 1 1 1 0 1 1 0 0
 0 1 1 1 1 0 1 1 0 0 1 0 1 1 1 0 0
 0 1 1 1 1 1 0 1 1 1 0 1 0 1 0 1 1
 0 1 1 1 1 1 1 0 1 0 0 0 1 1 1 1 1
 0 1 0 1 1 0 1 1 0 1 0 1 0 1 1 1 1
 1 0 1 0 1 0 1 0 1 0 1 0 1 0 1 1 1
 0 1 1 1 1 1 0 0 0 1 0 1 1 1 1 1 1
 1 0 1 1 1 0 1 0 1 0 1 0 1 1 0 1 1
 1 1 1 1 0 1 0 1 0 1 1 1 0 1 0 1 1
 0 1 0 1 1 1 1 1 1 0 1 1 1 0 1 1 1
 1 1 0 1 1 1 0 1 1 1 1 0 0 1 0 1 1
 1 1 1 1 0 0 1 1 1 1 1 1 1 1 1 0 1
 0 1 1 1 0 0 1 1 1 1 1 1 1 1 1 1 0 
(0.091) 15 : { 1 3 4 5 7 9 11 13 14 15 16 17 }
