18 38
 0 1 0 0 0 0 0 0 0 0 0 0 1 0 0 1 0 0
 1 0 1 0 0 0 0 0 0 0 0 0 0 0 1 1 0 0
 0 1 0 1 0 0 1 0 0 0 0 0 0 0 0 0 0 0
 0 0 1 0 1 0 0 0 1 0 0 0 1 0 1 0 0 0
 0 0 0 1 0 1 1 0 0 0 1 0 0 0 1 0 0 0
 0 0 0 0 1 0 1 0 0 0 0 0 0 0 1 0 0 0
 0 0 1 0 1 1 0 1 0 0 0 1 0 0 0 0 1 0
 0 0 0 0 0 0 1 0 1 0 0 1 1 0 0 0 1 0
 0 0 0 1 0 0 0 1 0 1 0 0 0 0 0 0 0 0
 0 0 0 0 0 0 0 0 1 0 1 0 0 0 0 0 0 0
 0 0 0 0 1 0 0 0 0 1 0 1 0 0 0 0 1 1
 0 0 0 0 0 0 1 1 0 0 1 0 1 0 0 0 0 0
 1 0 0 1 0 0 0 1 0 0 0 1 0 1 0 0 0 0
 0 0 0 0 0 0 0 0 0 0 0 0 1 0 1 1 0 0
 0 1 0 1 1 1 0 0 0 0 0 0 0 1 0 1 0 0
 1 1 0 0 0 0 0 0 0 0 0 0 0 1 1 0 1 1
 0 0 0 0 0 0 1 1 0 0 1 0 0 0 0 1 0 1
 0 0 0 0 0 0 0 0 0 0 1 0 0 0 0 1 1 0 
(0.061) 10 : { 1 4 7 8 11 15 16 }
