18 76
 0 1 1 1 0 1 1 1 1 1 0 0 1 1 0 1 0 0
 1 0 1 0 0 1 0 0 0 0 1 0 1 1 1 1 1 1
 1 1 0 1 1 0 1 0 0 0 1 0 0 0 1 0 1 0
 1 0 1 0 1 0 1 0 1 0 0 0 1 0 1 0 0 0
 0 0 1 1 0 1 1 0 0 0 1 0 0 0 1 0 0 0
 1 1 0 0 1 0 1 0 0 0 1 0 1 0 1 0 0 0
 1 0 1 1 1 1 0 1 1 0 0 1 1 0 1 0 1 1
 1 0 0 0 0 0 1 0 1 0 0 1 1 0 1 1 1 1
 1 0 0 1 0 0 1 1 0 1 0 0 0 1 0 0 0 1
 1 0 0 0 0 0 0 0 1 0 1 1 0 0 0 1 0 0
 0 1 1 0 1 1 0 0 0 1 0 1 1 1 0 1 1 1
 0 0 0 0 0 0 1 1 0 1 1 0 1 0 0 0 1 0
 1 1 0 1 0 1 1 1 0 0 1 1 0 1 0 1 0 0
 1 1 0 0 0 0 0 0 1 0 1 0 1 0 1 1 0 0
 0 1 1 1 1 1 1 1 0 0 0 0 0 1 0 1 0 1
 1 1 0 0 0 0 0 1 0 1 1 0 1 1 1 0 1 1
 0 1 1 0 0 0 1 1 0 0 1 1 0 0 0 1 0 1
 0 1 0 0 0 0 1 1 1 0 1 0 0 0 1 1 1 0 
(0.122) 13 : { 1 2 7 9 11 13 15 16 17 }
