18 115
 0 1 1 1 1 1 0 1 1 1 1 1 1 0 1 0 1 1
 1 0 1 1 1 1 1 1 1 0 1 0 1 0 1 1 0 0
 1 1 0 1 1 0 1 1 1 0 1 1 0 0 1 1 0 0
 1 1 1 0 1 1 1 1 1 1 1 1 0 1 1 1 1 0
 1 1 1 1 0 1 1 1 1 1 0 1 1 0 1 0 1 1
 1 1 0 1 1 0 1 1 1 1 1 1 1 0 1 1 1 1
 0 1 1 1 1 1 0 1 0 0 1 1 0 0 1 1 1 1
 1 1 1 1 1 1 1 0 1 1 1 0 1 1 0 1 1 1
 1 1 1 1 1 1 0 1 0 1 1 1 1 1 1 1 1 1
 1 0 0 1 1 1 0 1 1 0 1 1 1 0 1 1 0 0
 1 1 1 1 0 1 1 1 1 1 0 1 1 0 0 1 0 0
 1 0 1 1 1 1 1 0 1 1 1 0 1 1 0 1 0 0
 1 1 0 0 1 1 0 1 1 1 1 1 0 1 1 1 1 0
 0 0 0 1 0 0 0 1 1 0 0 1 1 0 1 0 1 1
 1 1 1 1 1 1 1 0 1 1 0 0 1 1 0 1 1 1
 0 1 1 1 0 1 1 1 1 1 1 1 1 0 1 0 1 1
 1 0 0 1 1 1 1 1 1 0 0 0 1 1 1 1 0 1
 1 0 0 0 1 1 1 1 1 0 0 0 0 1 1 1 1 0 
(0.201) 15 : { 1 4 5 6 7 8 9 12 13 15 16 }
