19 43
 0 1 0 1 0 0 0 0 0 0 0 1 0 0 1 0 0 0 0
 1 0 1 0 0 1 0 0 0 0 0 0 1 0 0 0 0 1 0
 0 1 0 1 1 0 0 0 0 1 0 0 0 0 0 1 0 0 0
 1 0 1 0 1 0 0 0 0 0 0 0 0 0 0 0 1 0 0
 0 0 1 1 0 1 0 0 0 0 0 0 0 1 0 0 0 0 0
 0 1 0 0 1 0 1 0 0 0 0 1 0 0 0 0 1 0 0
 0 0 0 0 0 1 0 1 0 1 1 0 0 0 0 0 0 1 0
 0 0 0 0 0 0 1 0 1 0 0 0 1 0 0 0 0 0 0
 0 0 0 0 0 0 0 1 0 1 0 0 0 0 0 0 0 1 0
 0 0 1 0 0 0 1 0 1 0 1 0 0 0 1 0 1 0 0
 0 0 0 0 0 0 1 0 0 1 0 1 0 0 0 0 0 0 1
 1 0 0 0 0 1 0 0 0 0 1 0 1 1 0 0 0 0 0
 0 1 0 0 0 0 0 1 0 0 0 1 0 1 0 0 0 1 0
 0 0 0 0 1 0 0 0 0 0 0 1 1 0 1 0 0 1 0
 1 0 0 0 0 0 0 0 0 1 0 0 0 1 0 1 0 0 0
 0 0 1 0 0 0 0 0 0 0 0 0 0 0 1 0 1 0 0
 0 0 0 1 0 1 0 0 0 1 0 0 0 0 0 1 0 1 0
 0 1 0 0 0 0 1 0 1 0 0 0 1 1 0 0 1 0 1
 0 0 0 0 0 0 0 0 0 0 1 0 0 0 0 0 0 1 0
(0.137) 11 : 3 4 6 7 10 12 13 15 18 
