19 86
 0 1 0 1 0 0 1 0 1 1 1 0 1 0 1 1 1 0 0
 1 0 1 0 0 0 0 0 1 1 1 1 1 0 0 0 0 0 0
 0 1 0 1 1 1 1 0 0 0 1 0 1 1 1 0 0 1 1
 1 0 1 0 1 0 0 0 0 1 1 0 0 0 0 0 1 1 0
 0 0 1 1 0 1 0 0 0 0 1 1 0 0 0 1 0 1 1
 0 0 1 0 1 0 1 0 0 0 1 1 1 0 0 1 1 0 0
 1 0 1 0 0 1 0 1 0 1 1 0 1 1 1 1 1 0 0
 0 0 0 0 0 0 1 0 1 1 0 0 1 1 0 0 0 0 0
 1 1 0 0 0 0 0 1 0 1 0 0 1 0 1 1 1 0 0
 1 1 0 1 0 0 1 1 1 0 1 1 1 1 0 0 0 0 0
 1 1 1 1 1 1 1 0 0 1 0 1 0 1 0 1 1 1 0
 0 1 0 0 1 1 0 0 0 1 1 0 1 1 1 0 1 1 0
 1 1 1 0 0 1 1 1 1 1 0 1 0 1 0 1 0 0 1
 0 0 1 0 0 0 1 1 0 1 1 1 1 0 1 0 1 1 0
 1 0 1 0 0 0 1 0 1 0 0 1 0 1 0 1 0 0 0
 1 0 0 0 1 1 1 0 1 0 1 0 1 0 1 0 1 1 1
 1 0 0 1 0 1 1 0 1 0 1 1 0 1 0 1 0 1 0
 0 0 1 1 1 0 0 0 0 0 1 1 0 1 0 1 1 0 1
 0 0 1 0 1 0 0 0 0 0 0 0 1 0 0 1 0 1 0 
(0.371) 14 : { 1 3 5 7 9 10 11 12 13 14 16 17 18 }
