19 128
 0 1 0 1 0 0 1 1 1 1 1 0 1 1 1 1 1 0 1
 1 0 1 0 0 1 0 0 1 1 1 1 1 1 1 1 1 0 1
 0 1 0 1 1 1 1 1 1 1 1 1 1 1 1 1 1 1 1
 1 0 1 0 1 1 1 1 1 1 1 1 1 1 0 0 1 1 1
 0 0 1 1 0 1 1 1 0 0 1 1 1 0 1 1 0 1 1
 0 1 1 1 1 0 1 0 1 1 1 1 1 0 1 1 1 0 1
 1 0 1 1 1 1 0 1 0 1 1 1 1 1 1 1 1 0 1
 1 0 1 1 1 0 1 0 1 1 0 0 1 1 1 0 0 0 0
 1 1 1 1 0 1 0 1 0 1 0 1 1 0 1 1 1 0 0
 1 1 1 1 0 1 1 1 1 0 1 1 1 1 0 1 0 0 0
 1 1 1 1 1 1 1 0 0 1 0 1 0 1 0 1 1 1 0
 0 1 1 1 1 1 1 0 1 1 1 0 1 1 1 1 1 1 1
 1 1 1 1 1 1 1 1 1 1 0 1 0 1 1 1 0 0 1
 1 1 1 1 0 0 1 1 0 1 1 1 1 0 1 1 1 1 1
 1 1 1 0 1 1 1 1 1 0 0 1 1 1 0 1 0 1 0
 1 1 1 0 1 1 1 0 1 1 1 1 1 1 1 0 1 1 1
 1 1 1 1 0 1 1 0 1 0 1 1 0 1 0 1 0 1 0
 0 0 1 1 1 0 0 0 0 0 1 1 0 1 1 1 1 0 1
 1 1 1 1 1 1 1 0 0 0 0 1 1 1 0 1 0 1 0
(0.480) 16 : { 1 2 3 4 5 6 7 9 10 12 13 14 16 18 }
