20 48
 0 1 0 0 1 0 0 0 1 0 0 0 1 0 0 1 1 1 0 1
 1 0 1 0 0 0 0 1 0 1 0 0 0 0 0 0 0 0 0 0
 0 1 0 1 0 0 0 0 0 1 0 0 0 0 0 0 1 0 0 0
 0 0 1 0 1 0 0 0 0 0 0 0 0 0 0 0 0 1 1 0
 1 0 0 1 0 1 0 0 0 1 0 0 0 0 0 0 0 0 0 0
 0 0 0 0 1 0 1 0 0 0 0 0 0 0 0 1 0 0 0 0
 0 0 0 0 0 1 0 1 0 0 0 0 0 0 0 0 0 0 0 0
 0 1 0 0 0 0 1 0 1 0 0 0 0 1 0 0 0 0 0 0
 1 0 0 0 0 0 0 1 0 1 1 0 0 0 0 0 0 0 1 0
 0 1 1 0 1 0 0 0 1 0 1 0 1 0 0 0 0 0 1 1
 0 0 0 0 0 0 0 0 1 1 0 1 0 0 0 0 0 0 0 0
 0 0 0 0 0 0 0 0 0 0 1 0 1 1 1 0 0 0 0 0
 1 0 0 0 0 0 0 0 0 1 0 1 0 1 0 0 0 0 1 0
 0 0 0 0 0 0 0 1 0 0 0 1 1 0 1 0 1 0 0 0
 0 0 0 0 0 0 0 0 0 0 0 1 0 1 0 1 1 1 0 0
 1 0 0 0 0 1 0 0 0 0 0 0 0 0 1 0 1 1 0 0
 1 0 1 0 0 0 0 0 0 0 0 0 0 1 1 1 0 1 0 0
 1 0 0 1 0 0 0 0 0 0 0 0 0 0 1 1 1 0 1 1
 0 0 0 1 0 0 0 0 1 1 0 0 1 0 0 0 0 1 0 1
 1 0 0 0 0 0 0 0 0 1 0 0 0 0 0 0 0 1 1 0
(0.260) 12 : { 1 3 8 10 12 16 18 19 }
