20 95
 0 1 1 0 1 0 1 0 1 0 0 0 1 0 0 1 1 1 1 1
 1 0 1 0 1 0 0 1 0 1 0 1 0 1 0 0 1 0 1 1
 1 1 0 1 0 1 1 0 0 1 1 1 1 0 0 0 1 0 1 0
 0 0 1 0 1 0 1 0 1 0 0 0 0 0 0 0 0 1 1 0
 1 1 0 1 0 1 0 0 0 1 1 0 0 1 0 0 0 1 1 1
 0 0 1 0 1 0 1 0 1 0 0 0 0 0 0 1 0 1 0 0
 1 0 1 1 0 1 0 1 0 0 1 0 0 0 0 0 0 1 1 0
 0 1 0 0 0 0 1 0 1 0 1 0 0 1 0 1 0 1 1 0
 1 0 0 1 0 1 0 1 0 1 1 0 0 0 0 1 0 1 1 1
 0 1 1 0 1 0 0 0 1 0 1 0 1 0 0 0 0 0 1 1
 0 0 1 0 1 0 1 1 1 1 0 1 0 0 0 0 0 0 1 1
 0 1 1 0 0 0 0 0 0 0 1 0 1 1 1 0 1 0 1 1
 1 0 1 0 0 0 0 0 0 1 0 1 0 1 1 0 1 0 1 1
 0 1 0 0 1 0 0 1 0 0 0 1 1 0 1 1 1 1 0 0
 0 0 0 0 0 0 0 0 0 0 0 1 1 1 0 1 1 1 0 1
 1 0 0 0 0 1 0 1 1 0 0 0 0 1 1 0 1 1 1 0
 1 1 1 0 0 0 0 0 0 0 0 1 1 1 1 1 0 1 0 1
 1 0 0 1 1 1 1 1 1 0 0 0 0 1 1 1 1 0 1 1
 1 1 1 1 1 0 1 1 1 1 1 1 1 0 0 1 0 1 0 1
 1 1 0 0 1 0 0 0 1 1 1 1 1 0 1 0 1 1 1 0 
(0.603) 15 : { 1 3 5 8 10 12 16 18 19 20 }
