20 142
 0 1 1 0 1 1 1 1 1 0 0 0 1 0 1 1 1 1 1 1
 1 0 1 1 1 0 1 1 1 1 1 1 0 1 0 1 1 1 1 1
 1 1 0 1 1 1 1 0 1 1 1 1 1 0 0 0 1 0 1 1
 0 1 1 0 1 0 1 1 1 0 0 1 1 1 1 0 1 1 1 1
 1 1 1 1 0 1 0 0 0 1 1 0 1 1 1 0 0 1 1 1
 1 0 1 0 1 0 1 1 1 1 1 0 1 0 1 1 1 1 0 0
 1 1 1 1 0 1 0 1 1 0 1 0 1 0 1 0 1 1 1 1
 1 1 0 1 0 1 1 0 1 1 1 0 0 1 0 1 0 1 1 1
 1 1 1 1 0 1 1 1 0 1 1 1 0 1 1 1 0 1 1 1
 0 1 1 0 1 1 0 1 1 0 1 1 1 0 1 0 0 0 1 1
 0 1 1 0 1 1 1 1 1 1 0 1 0 1 1 0 1 1 1 1
 0 1 1 1 0 0 0 0 1 1 1 0 1 1 1 0 1 1 1 1
 1 0 1 1 1 1 1 0 0 1 0 1 0 1 1 0 1 0 1 1
 0 1 0 1 1 0 0 1 1 0 1 1 1 0 1 1 1 1 0 1
 1 0 0 1 1 1 1 0 1 1 1 1 1 1 0 1 1 1 0 1
 1 1 0 0 0 1 0 1 1 0 0 0 0 1 1 0 1 1 1 1
 1 1 1 1 0 1 1 0 0 0 1 1 1 1 1 1 0 1 1 1
 1 1 0 1 1 1 1 1 1 0 1 1 0 1 1 1 1 0 1 1
 1 1 1 1 1 0 1 1 1 1 1 1 1 0 0 1 1 1 0 1
 1 1 1 1 1 0 1 1 1 1 1 1 1 1 1 1 1 1 1 0
(1.071) 17 : { 2 3 5 6 7 8 9 12 13 14 15 17 18 19 20 }
