20 180
 0 1 1 1 1 1 1 1 1 0 1 1 1 1 1 1 1 1 1 1
 1 0 1 1 1 1 1 1 1 1 1 1 1 1 1 1 1 1 1 1
 1 1 0 1 1 1 1 1 1 1 1 1 1 1 0 1 1 1 1 1
 1 1 1 0 1 1 1 1 1 1 0 1 1 1 1 1 1 1 1 1
 1 1 1 1 0 1 1 1 1 1 1 0 1 1 1 0 1 1 1 1
 1 1 1 1 1 0 1 1 1 1 1 1 1 0 1 1 1 1 0 1
 1 1 1 1 1 1 0 1 1 0 1 0 1 1 1 1 1 1 1 1
 1 1 1 1 1 1 1 0 1 1 1 1 1 1 1 1 1 1 1 1
 1 1 1 1 1 1 1 1 0 1 1 1 1 1 1 1 1 1 1 1
 0 1 1 1 1 1 0 1 1 0 1 1 1 1 1 1 1 1 1 1
 1 1 1 0 1 1 1 1 1 1 0 1 1 1 1 0 1 1 1 1
 1 1 1 1 0 1 0 1 1 1 1 0 1 1 1 1 1 1 1 1
 1 1 1 1 1 1 1 1 1 1 1 1 0 1 1 1 1 1 1 1
 1 1 1 1 1 0 1 1 1 1 1 1 1 0 1 1 1 1 1 1
 1 1 0 1 1 1 1 1 1 1 1 1 1 1 0 1 1 1 1 1
 1 1 1 1 0 1 1 1 1 1 0 1 1 1 1 0 1 1 1 1
 1 1 1 1 1 1 1 1 1 1 1 1 1 1 1 1 0 1 1 1
 1 1 1 1 1 1 1 1 1 1 1 1 1 1 1 1 1 0 1 1
 1 1 1 1 1 0 1 1 1 1 1 1 1 1 1 1 1 1 0 1
 1 1 1 1 1 1 1 1 1 1 1 1 1 1 1 1 1 1 1 0
(1.211) 19 : { 1 2 3 4 5 6 8 9 11 13 14 15 16 17 18 19 20 }
