21 52
 0 1 0 0 0 1 1 0 1 1 0 0 0 0 1 0 0 0 0 0 0
 1 0 1 0 0 0 0 0 0 0 0 0 0 1 0 0 0 0 0 0 0
 0 1 0 1 1 0 0 1 0 1 0 0 0 0 1 0 0 0 0 0 0
 0 0 1 0 1 0 0 0 0 1 0 1 1 0 1 0 0 1 0 0 0
 0 0 1 1 0 1 0 0 0 0 0 0 0 0 0 0 0 0 0 0 0
 1 0 0 0 1 0 1 1 0 0 0 0 0 0 0 0 0 0 1 0 0
 1 0 0 0 0 1 0 1 1 0 0 1 1 0 0 0 0 0 0 0 0
 0 0 1 0 0 1 1 0 1 0 0 0 0 0 0 0 0 0 1 1 0
 1 0 0 0 0 0 1 1 0 1 1 0 0 0 0 0 0 0 0 0 0
 1 0 1 1 0 0 0 0 1 0 1 0 0 1 0 0 0 1 0 0 1
 0 0 0 0 0 0 0 0 1 1 0 1 0 0 0 0 1 0 0 0 0
 0 0 0 1 0 0 1 0 0 0 1 0 1 0 1 0 0 0 1 0 0
 0 0 0 1 0 0 1 0 0 0 0 1 0 1 0 0 0 0 0 0 0
 0 1 0 0 0 0 0 0 0 1 0 0 1 0 1 0 0 0 0 0 0
 1 0 1 1 0 0 0 0 0 0 0 1 0 1 0 1 0 0 1 0 1
 0 0 0 0 0 0 0 0 0 0 0 0 0 0 1 0 1 1 0 0 0
 0 0 0 0 0 0 0 0 0 0 1 0 0 0 0 1 0 1 0 0 0
 0 0 0 1 0 0 0 0 0 1 0 0 0 0 0 1 1 0 1 0 0
 0 0 0 0 0 1 0 1 0 0 0 1 0 0 1 0 0 1 0 1 0
 0 0 0 0 0 0 0 1 0 0 0 0 0 0 0 0 0 0 1 0 1
 0 0 0 0 0 0 0 0 0 1 0 0 0 0 1 0 0 0 0 1 0
(0.588) 12 : { 1 2 4 7 8 10 11 15 19 }
