21 105
 0 1 1 0 0 1 1 0 1 1 1 1 1 0 1 0 1 0 0 0 0
 1 0 1 0 1 0 1 0 0 1 0 0 0 1 0 1 1 0 0 1 1
 1 1 0 1 1 0 1 1 1 1 1 0 1 0 1 0 0 0 0 0 1
 0 0 1 0 1 0 0 0 0 1 0 1 1 1 1 0 0 1 0 1 0
 0 1 1 1 0 1 0 0 0 0 0 1 0 1 0 0 0 0 1 1 1
 1 0 0 0 1 0 1 1 0 0 1 1 1 1 1 0 1 1 1 0 0
 1 1 1 0 0 1 0 1 1 0 0 1 1 0 0 0 0 1 0 0 0
 0 0 1 0 0 1 1 0 1 0 0 0 0 0 1 1 0 1 1 1 0
 1 0 1 0 0 0 1 1 0 1 1 0 0 1 0 0 0 0 0 1 0
 1 1 1 1 0 0 0 0 1 0 1 1 0 1 0 0 1 1 0 1 1
 1 0 1 0 0 1 0 0 1 1 0 1 0 1 1 0 1 0 0 0 0
 1 0 0 1 1 1 1 0 0 1 1 0 1 0 1 0 0 1 1 1 1
 1 0 1 1 0 1 1 0 0 0 0 1 0 1 0 1 0 0 1 0 1
 0 1 0 1 1 1 0 0 1 1 1 0 1 0 1 1 0 0 0 1 0
 1 0 1 1 0 1 0 1 0 0 1 1 0 1 0 1 0 1 1 0 1
 0 1 0 0 0 0 0 1 0 0 0 0 1 1 1 0 1 1 0 1 1
 1 1 0 0 0 1 0 0 0 1 1 0 0 0 0 1 0 1 0 0 0
 0 0 0 1 0 1 1 1 0 1 0 1 0 0 1 1 1 0 1 0 0
 0 0 0 0 1 1 0 1 0 0 0 1 1 0 1 0 0 1 0 1 0
 0 1 0 1 1 0 0 1 1 1 0 1 0 1 0 1 0 0 1 0 1
 0 1 1 0 1 0 0 0 0 1 0 1 1 0 1 1 0 0 0 1 0
(1.726) 16 : { 2 3 5 6 7 9 10 11 12 13 15 16 18 20 }
