21 158
 0 1 1 1 0 1 1 1 1 1 1 1 1 1 1 0 1 1 1 1 1
 1 0 1 1 1 0 1 0 0 1 0 0 1 1 0 1 1 1 0 1 1
 1 1 0 1 1 1 1 1 1 1 1 1 1 0 1 1 1 0 0 0 1
 1 1 1 0 1 1 1 0 0 1 0 1 1 1 1 0 0 1 1 1 1
 0 1 1 1 0 1 0 0 1 1 1 1 1 1 1 1 1 0 1 1 1
 1 0 1 1 1 0 1 1 0 1 1 1 1 1 1 1 1 1 1 1 1
 1 1 1 1 0 1 0 1 1 0 1 1 1 0 0 1 0 1 1 0 1
 1 0 1 0 0 1 1 0 1 1 0 0 1 1 1 1 1 1 1 1 0
 1 0 1 0 1 0 1 1 0 1 1 0 0 1 0 1 1 1 0 1 0
 1 1 1 1 1 1 0 1 1 0 1 1 0 1 1 0 1 1 0 1 1
 1 0 1 0 1 1 1 0 1 1 0 1 0 1 1 1 1 0 0 0 0
 1 0 1 1 1 1 1 0 0 1 1 0 1 1 1 1 1 1 1 1 1
 1 1 1 1 1 1 1 1 0 0 0 1 0 1 1 1 0 1 1 0 1
 1 1 0 1 1 1 0 1 1 1 1 1 1 0 1 1 0 1 1 1 0
 1 0 1 1 1 1 0 1 0 1 1 1 1 1 0 1 1 1 1 0 1
 0 1 1 0 1 1 1 1 1 0 1 1 1 1 1 0 1 1 0 1 1
 1 1 1 0 1 1 0 1 1 1 1 1 0 0 1 1 0 1 0 0 0
 1 1 0 1 0 1 1 1 1 1 0 1 1 1 1 1 1 0 1 1 1
 1 0 0 1 1 1 1 1 0 0 0 1 1 1 1 0 0 1 0 1 1
 1 1 0 1 1 1 0 1 1 1 0 1 0 1 0 1 0 1 1 0 1
 1 1 1 1 1 1 1 0 0 1 0 1 1 0 1 1 0 1 1 1 0
(2.209) 18 : { 1 2 3 5 6 7 8 10 12 14 15 16 18 20 }
