21 200
 0 1 1 1 1 1 1 1 1 0 1 1 1 1 1 1 1 1 1 1 1
 1 0 1 1 1 1 1 1 1 1 0 1 1 1 1 1 1 1 1 1 1
 1 1 0 1 1 1 1 0 1 1 1 1 1 1 1 1 1 1 1 1 1
 1 1 1 0 1 1 1 1 1 1 1 0 1 1 1 1 1 1 1 1 1
 1 1 1 1 0 1 1 1 1 1 1 1 1 1 1 1 1 1 1 1 1
 1 1 1 1 1 0 1 1 1 1 1 1 1 1 1 0 1 0 1 1 1
 1 1 1 1 1 1 0 1 1 1 1 1 1 1 0 1 1 0 1 1 1
 1 1 0 1 1 1 1 0 1 1 1 1 1 1 1 1 1 1 1 1 1
 1 1 1 1 1 1 1 1 0 1 1 1 1 1 1 1 1 1 1 1 1
 0 1 1 1 1 1 1 1 1 0 1 1 1 1 1 1 1 1 1 1 1
 1 0 1 1 1 1 1 1 1 1 0 1 1 1 1 1 1 1 1 1 1
 1 1 1 0 1 1 1 1 1 1 1 0 1 1 1 1 1 1 1 1 1
 1 1 1 1 1 1 1 1 1 1 1 1 0 1 1 1 0 1 1 1 1
 1 1 1 1 1 1 1 1 1 1 1 1 1 0 1 1 1 1 1 1 1
 1 1 1 1 1 1 0 1 1 1 1 1 1 1 0 1 1 1 1 1 1
 1 1 1 1 1 0 1 1 1 1 1 1 1 1 1 0 1 0 1 1 1
 1 1 1 1 1 1 1 1 1 1 1 1 0 1 1 1 0 1 1 1 1
 1 1 1 1 1 0 0 1 1 1 1 1 1 1 1 0 1 0 1 1 1
 1 1 1 1 1 1 1 1 1 1 1 1 1 1 1 1 1 1 0 1 1
 1 1 1 1 1 1 1 1 1 1 1 1 1 1 1 1 1 1 1 0 1
 1 1 1 1 1 1 1 1 1 1 1 1 1 1 1 1 1 1 1 1 0
(2.614) 19 : { 1 2 3 4 5 7 8 9 10 11 12 13 14 15 17 19 20 21 }
