22 58
 0 1 0 0 1 0 1 0 0 0 0 0 0 0 0 0 0 0 0 0 0 0
 1 0 1 0 0 0 0 0 0 0 0 0 0 0 1 0 0 0 0 1 0 0
 0 1 0 1 0 0 0 0 0 0 0 0 0 1 1 0 0 0 0 0 0 0
 0 0 1 0 1 0 0 0 1 0 0 0 0 0 0 0 1 0 0 0 0 1
 1 0 0 1 0 1 1 1 0 0 0 0 1 0 1 0 0 0 0 0 0 0
 0 0 0 0 1 0 1 1 0 0 0 0 1 1 0 0 0 0 0 0 0 0
 1 0 0 0 1 1 0 1 0 0 0 0 0 0 0 0 1 0 0 0 0 0
 0 0 0 0 1 1 1 0 1 1 0 1 0 0 0 0 0 0 0 0 1 0
 0 0 0 1 0 0 0 1 0 1 1 1 0 0 0 0 1 0 0 0 0 0
 0 0 0 0 0 0 0 1 1 0 1 0 0 0 0 0 0 0 0 0 1 0
 0 0 0 0 0 0 0 0 1 1 0 1 0 0 0 0 0 0 0 0 1 0
 0 0 0 0 0 0 0 1 1 0 1 0 1 1 0 0 0 0 0 0 0 1
 0 0 0 0 1 1 0 0 0 0 0 1 0 1 0 0 1 0 0 0 0 0
 0 0 1 0 0 1 0 0 0 0 0 1 1 0 1 0 0 0 0 1 0 0
 0 1 1 0 1 0 0 0 0 0 0 0 0 1 0 1 1 0 0 0 1 1
 0 0 0 0 0 0 0 0 0 0 0 0 0 0 1 0 1 0 0 0 0 0
 0 0 0 1 0 0 1 0 1 0 0 0 1 0 1 1 0 1 1 1 1 0
 0 0 0 0 0 0 0 0 0 0 0 0 0 0 0 0 1 0 1 1 0 0
 0 0 0 0 0 0 0 0 0 0 0 0 0 0 0 0 1 1 0 1 0 0
 0 1 0 0 0 0 0 0 0 0 0 0 0 1 0 0 1 1 1 0 1 1
 0 0 0 0 0 0 0 1 0 1 1 0 0 0 1 0 1 0 0 1 0 1
 0 0 0 1 0 0 0 0 0 0 0 1 0 0 1 0 0 0 0 1 1 0 
(0.961) 13 : { 3 5 8 12 15 17 20 }
