22 116
 0 1 1 1 0 0 0 0 1 0 1 0 0 0 0 0 0 0 0 0 1 1
 1 0 1 1 0 1 0 0 1 0 1 1 1 0 0 0 1 1 0 0 0 1
 1 1 0 1 0 1 0 0 0 1 1 0 1 1 1 0 0 0 1 0 1 0
 1 1 1 0 1 0 0 1 1 0 1 1 0 1 0 1 1 0 1 0 0 1
 0 0 0 1 0 1 0 0 0 1 1 0 1 0 0 0 0 1 0 1 1 1
 0 1 1 0 1 0 1 0 1 1 1 1 1 1 0 0 1 1 0 1 0 1
 0 0 0 0 0 1 0 1 0 0 1 1 0 0 1 0 0 1 0 0 0 0
 0 0 0 1 0 0 1 0 1 0 1 0 0 1 0 1 1 0 0 1 0 0
 1 1 0 1 0 1 0 1 0 1 0 0 0 1 0 0 0 0 0 1 0 1
 0 0 1 0 1 1 0 0 1 0 1 1 1 0 1 1 1 0 1 0 0 1
 1 1 1 1 1 1 1 1 0 1 0 1 0 0 0 0 1 1 1 0 0 0
 0 1 0 1 0 1 1 0 0 1 1 0 1 1 0 1 1 0 1 1 1 1
 0 1 1 0 1 1 0 0 0 1 0 1 0 1 0 1 0 0 1 1 1 1
 0 0 1 1 0 1 0 1 1 0 0 1 1 0 1 0 1 0 1 1 0 0
 0 0 1 0 0 0 1 0 0 1 0 0 0 1 0 1 0 1 1 0 1 0
 0 0 0 1 0 0 0 1 0 1 0 1 1 0 1 0 1 0 0 0 0 0
 0 1 0 1 0 1 0 1 0 1 1 1 0 1 0 1 0 1 1 0 1 0
 0 1 0 0 1 1 1 0 0 0 1 0 0 0 1 0 1 0 1 0 0 1
 0 0 1 1 0 0 0 0 0 1 1 1 1 1 1 0 1 1 0 1 0 1
 0 0 0 0 1 1 0 1 1 0 0 1 1 1 0 0 0 0 1 0 1 1
 1 0 1 0 1 0 0 0 0 0 0 1 1 0 1 0 1 0 0 1 0 1
 1 1 0 1 1 1 0 0 1 1 0 1 1 0 0 0 0 1 1 1 1 0 
(3.488) 17 : { 1 3 4 5 6 8 9 11 12 13 15 17 19 22 }
