22 173
 0 1 0 1 1 0 1 1 1 0 0 0 1 1 1 1 0 1 1 1 1 1
 1 0 1 0 1 1 1 1 0 1 0 1 1 1 0 1 0 1 1 0 1 1
 0 1 0 1 1 0 1 1 1 1 0 0 1 1 0 1 0 1 1 1 1 0
 1 0 1 0 1 0 1 1 1 0 0 1 1 0 0 1 0 1 1 0 1 1
 1 1 1 1 0 1 0 1 1 1 0 1 1 1 1 1 1 1 1 0 1 0
 0 1 0 0 1 0 1 1 1 1 1 1 1 1 1 1 0 1 1 1 0 1
 1 1 1 1 0 1 0 1 1 1 1 1 0 1 1 0 1 1 1 1 1 1
 1 1 1 1 1 1 1 0 1 1 0 1 1 1 1 1 1 1 1 0 0 1
 1 0 1 1 1 1 1 1 0 1 0 1 0 0 1 1 1 1 1 1 1 1
 0 1 1 0 1 1 1 1 1 0 1 1 1 1 0 0 1 1 1 0 1 1
 0 0 0 0 0 1 1 0 0 1 0 1 1 0 1 1 1 1 1 0 1 1
 0 1 0 1 1 1 1 1 1 1 1 0 1 1 1 0 1 0 1 1 0 1
 1 1 1 1 1 1 0 1 0 1 1 1 0 1 1 1 1 0 1 1 1 1
 1 1 1 0 1 1 1 1 0 1 0 1 1 0 1 0 0 0 1 1 0 1
 1 0 0 0 1 1 1 1 1 0 1 1 1 1 0 1 0 1 0 1 1 1
 1 1 1 1 1 1 0 1 1 0 1 0 1 0 1 0 1 1 1 1 0 1
 0 0 0 0 1 0 1 1 1 1 1 1 1 0 0 1 0 1 1 0 1 0
 1 1 1 1 1 1 1 1 1 1 1 0 0 0 1 1 1 0 1 1 0 1
 1 1 1 1 1 1 1 1 1 1 1 1 1 1 0 1 1 1 0 1 1 1
 1 0 1 0 0 1 1 0 1 0 0 1 1 1 1 1 0 1 1 0 1 1
 1 1 1 1 1 0 1 0 1 1 1 0 1 0 1 0 1 0 1 1 0 1
 1 1 0 1 0 1 1 1 1 1 1 1 1 1 1 1 0 1 1 1 1 0
(4.922) 19 : { 1 3 5 6 7 8 9 10 12 13 15 16 18 19 21 22 }
