23 126
 0 1 1 0 1 1 1 0 1 1 0 0 0 1 1 1 0 0 1 1 0 0 1
 1 0 1 0 1 0 1 0 0 0 0 1 0 1 1 1 1 0 0 1 1 0 1
 1 1 0 1 0 0 0 0 1 1 0 0 1 0 0 1 1 1 1 1 0 1 0
 0 0 1 0 1 0 0 0 1 0 0 1 1 0 0 0 0 0 0 1 0 0 0
 1 1 0 1 0 1 0 0 0 0 1 1 1 1 1 1 1 0 0 1 0 0 1
 1 0 0 0 1 0 1 0 1 1 0 1 1 0 0 0 1 0 1 0 1 0 0
 1 1 0 0 0 1 0 1 0 0 0 1 0 0 0 1 1 1 1 0 0 1 0
 0 0 0 0 0 0 1 0 1 0 1 0 0 0 1 0 1 1 0 1 0 1 1
 1 0 1 1 0 1 0 1 0 1 0 1 0 1 1 0 0 1 1 0 0 0 0
 1 0 1 0 0 1 0 0 1 0 1 0 1 1 0 1 0 0 0 1 0 1 0
 0 0 0 0 1 0 0 1 0 1 0 1 0 1 1 1 1 0 1 1 1 0 0
 0 1 0 1 1 1 1 0 1 0 1 0 1 0 1 0 1 0 1 0 0 0 0
 0 0 1 1 1 1 0 0 0 1 0 1 0 1 0 0 1 0 0 0 1 1 0
 1 1 0 0 1 0 0 0 1 1 1 0 1 0 1 0 0 0 0 0 1 1 1
 1 1 0 0 1 0 0 1 1 0 1 1 0 1 0 1 1 0 1 0 0 0 1
 1 1 1 0 1 0 1 0 0 1 1 0 0 0 1 0 1 0 1 1 1 1 1
 0 1 1 0 1 1 1 1 0 0 1 1 1 0 1 1 0 1 0 1 1 0 0
 0 0 1 0 0 0 1 1 1 0 0 0 0 0 0 0 1 0 1 0 1 0 1
 1 0 1 0 0 1 1 0 1 0 1 1 0 0 1 1 0 1 0 1 1 0 0
 1 1 1 1 1 0 0 1 0 1 1 0 0 0 0 1 1 0 1 0 1 0 0
 0 1 0 0 0 1 0 0 0 0 1 0 1 1 0 1 1 1 1 1 0 1 1
 0 0 1 0 0 0 1 1 0 1 0 0 1 1 0 1 0 0 0 0 1 0 1
 1 1 0 0 1 0 0 1 0 0 0 0 0 1 1 1 0 1 0 0 1 1 0
(7.761) 18 : { 1 2 5 8 9 10 11 12 13 16 17 18 19 21 22 }
