23 190
 0 1 1 1 1 1 1 0 1 1 1 0 1 1 1 1 0 0 1 1 0 1 1
 1 0 1 0 1 0 1 1 1 0 1 1 1 1 1 1 1 0 1 1 1 0 1
 1 1 0 1 0 0 1 1 1 1 1 1 1 0 1 1 1 1 1 1 1 1 0
 1 0 1 0 1 1 1 1 1 1 0 1 1 1 1 0 0 1 1 1 0 0 1
 1 1 0 1 0 1 0 1 1 1 1 1 1 1 1 1 1 1 1 1 0 1 1
 1 0 0 1 1 0 1 1 1 1 1 1 1 1 0 1 1 1 1 1 1 1 0
 1 1 1 1 0 1 0 1 0 0 0 1 0 0 1 1 1 1 1 1 0 1 1
 0 1 1 1 1 1 1 0 1 0 1 0 0 0 1 1 1 1 0 1 0 1 1
 1 1 1 1 1 1 0 1 0 1 0 1 0 1 1 0 0 1 1 0 0 0 1
 1 0 1 1 1 1 0 0 1 0 1 1 1 1 1 1 0 1 1 1 1 1 0
 1 1 1 0 1 1 0 1 0 1 0 1 0 1 1 1 1 0 1 1 1 1 1
 0 1 1 1 1 1 1 0 1 1 1 0 1 1 1 1 1 1 1 0 0 1 0
 1 1 1 1 1 1 0 0 0 1 0 1 0 1 0 0 1 0 0 0 1 1 1
 1 1 0 1 1 1 0 0 1 1 1 1 1 0 1 0 0 1 1 1 1 1 1
 1 1 1 1 1 0 1 1 1 1 1 1 0 1 0 1 1 0 1 0 0 1 1
 1 1 1 0 1 1 1 1 0 1 1 1 0 0 1 0 1 0 1 1 1 1 1
 0 1 1 0 1 1 1 1 0 0 1 1 1 0 1 1 0 1 1 1 1 0 1
 0 0 1 1 1 1 1 1 1 1 0 1 0 1 0 0 1 0 1 0 1 1 1
 1 1 1 1 1 1 1 0 1 1 1 1 0 1 1 1 1 1 0 1 1 0 1
 1 1 1 1 1 1 1 1 0 1 1 0 0 1 0 1 1 0 1 0 1 1 1
 0 1 1 0 0 1 0 0 0 1 1 0 1 1 0 1 1 1 1 1 0 1 1
 1 0 1 0 1 1 1 1 0 1 1 1 1 1 1 1 0 1 0 1 1 0 1
 1 1 0 1 1 0 1 1 1 0 1 0 1 1 1 1 1 1 1 1 1 1 0
(10.428) 20 : { 1 2 3 4 5 6 7 8 10 12 14 15 17 19 21 22 23 }
