24 138
 0 1 0 1 1 0 1 0 1 1 1 1 0 1 0 1 1 0 0 0 0 0 1 0
 1 0 1 0 1 0 0 1 0 0 1 0 1 1 0 1 0 1 1 0 0 1 0 1
 0 1 0 1 0 1 0 1 1 1 0 1 0 1 1 0 0 1 0 0 0 0 1 0
 1 0 1 0 1 0 0 1 1 0 1 1 0 0 1 0 0 1 0 0 0 0 0 0
 1 1 0 1 0 1 0 1 0 1 0 0 0 0 1 0 1 0 1 1 0 1 0 0
 0 0 1 0 1 0 1 1 1 0 0 1 0 0 0 0 0 0 1 1 1 1 0 1
 1 0 0 0 0 1 0 1 0 0 0 1 1 0 0 1 0 1 1 1 1 0 1 0
 0 1 1 1 1 1 1 0 1 0 1 1 0 1 0 0 1 1 0 0 0 0 1 0
 1 0 1 1 0 1 0 1 0 1 0 0 0 0 1 1 1 0 0 1 1 0 0 1
 1 0 1 0 1 0 0 0 1 0 1 1 1 0 0 1 0 1 1 0 1 1 1 0
 1 1 0 1 0 0 0 1 0 1 0 1 1 1 0 1 1 1 1 0 0 0 1 1
 1 0 1 1 0 1 1 1 0 1 1 0 1 0 0 0 1 1 0 0 0 0 1 1
 0 1 0 0 0 0 1 0 0 1 1 1 0 1 1 0 0 1 1 0 1 0 0 1
 1 1 1 0 0 0 0 1 0 0 1 0 1 0 1 0 0 0 1 0 1 0 0 0
 0 0 1 1 1 0 0 0 1 0 0 0 1 1 0 1 0 1 0 1 0 0 0 1
 1 1 0 0 0 0 1 0 1 1 1 0 0 0 1 0 1 1 0 0 0 1 0 0
 1 0 0 0 1 0 0 1 1 0 1 1 0 0 0 1 0 1 1 0 1 0 1 1
 0 1 1 1 0 0 1 1 0 1 1 1 1 0 1 1 1 0 1 1 0 0 0 1
 0 1 0 0 1 1 1 0 0 1 1 0 1 1 0 0 1 1 0 1 0 0 0 1
 0 0 0 0 1 1 1 0 1 0 0 0 0 0 1 0 0 1 1 0 1 1 1 1
 0 0 0 0 0 1 1 0 1 1 0 0 1 1 0 0 1 0 0 1 0 1 1 0
 0 1 0 0 1 1 0 0 0 1 0 0 0 0 0 1 0 0 0 1 1 0 1 1
 1 0 1 0 0 0 1 1 0 1 1 1 0 0 0 0 1 0 0 1 1 1 0 1
 0 1 0 0 0 1 0 0 1 0 1 1 1 0 1 0 1 1 1 1 0 1 1 0
(15.825) 19 : { 2 5 6 7 9 10 11 12 14 15 17 18 22 23 }
