25 150
 0 1 1 0 0 0 0 0 0 0 0 1 1 1 0 0 0 1 0 1 0 0 1 1 0
 1 0 1 0 0 1 1 1 0 0 0 0 1 1 0 0 0 1 1 0 0 0 1 0 0
 1 1 0 1 0 1 0 0 1 0 1 0 1 1 0 1 1 1 1 0 0 0 1 0 0
 0 0 1 0 1 0 0 1 0 1 0 1 1 0 0 0 1 1 0 0 1 0 1 0 1
 0 0 0 1 0 1 0 1 0 1 1 0 0 0 0 1 1 1 1 0 0 0 1 0 0
 0 1 1 0 1 0 1 0 1 1 0 1 0 0 1 1 0 1 1 1 0 1 1 1 1
 0 1 0 0 0 1 0 1 0 0 1 0 0 0 1 0 1 1 0 0 1 0 0 0 0
 0 1 0 1 1 0 1 0 1 0 1 0 0 0 0 0 1 1 1 1 0 1 0 1 1
 0 0 1 0 0 1 0 1 0 1 0 1 0 1 0 1 0 0 1 0 0 1 1 0 0
 0 0 0 1 1 1 0 0 1 0 1 1 1 1 0 0 1 1 0 1 0 1 0 1 1
 0 0 1 0 1 0 1 1 0 1 0 1 1 0 0 0 1 0 0 0 0 1 0 1 0
 1 0 0 1 0 1 0 0 1 1 1 0 1 0 0 1 1 1 0 0 1 0 1 1 0
 1 1 1 1 0 0 0 0 0 1 1 1 0 1 0 1 0 0 1 0 0 0 0 1 0
 1 1 1 0 0 0 0 0 1 1 0 0 1 0 1 1 1 0 0 1 1 1 0 1 1
 0 0 0 0 0 1 1 0 0 0 0 0 0 1 0 1 0 1 0 1 1 1 1 0 1
 0 0 1 0 1 1 0 0 1 0 0 1 1 1 1 0 1 1 1 0 1 0 0 1 1
 0 0 1 1 1 0 1 1 0 1 1 1 0 1 0 1 0 1 1 0 0 1 0 0 0
 1 1 1 1 1 1 1 1 0 1 0 1 0 0 1 1 1 0 1 0 1 1 0 0 1
 0 1 1 0 1 1 0 1 1 0 0 0 1 0 0 1 1 1 0 1 0 1 0 0 0
 1 0 0 0 0 1 0 1 0 1 0 0 0 1 1 0 0 0 1 0 1 0 1 1 1
 0 0 0 1 0 0 1 0 0 0 0 1 0 1 1 1 0 1 0 1 0 1 0 0 1
 0 0 0 0 0 1 0 1 1 1 1 0 0 1 1 0 1 1 1 0 1 0 1 0 1
 1 1 1 1 1 1 0 0 1 0 0 1 0 0 1 0 0 0 0 1 0 1 0 1 1
 1 0 0 0 0 1 0 1 0 1 1 1 1 1 0 1 0 0 0 1 0 0 1 0 1
 0 0 0 1 0 1 0 1 0 1 0 0 0 1 1 1 0 1 0 1 1 1 1 1 0
(36.260) 19 : { 3 4 6 7 8 10 11 12 14 16 18 19 20 22 23 24 }
