26 162
 0 1 0 0 0 1 1 0 0 1 0 1 0 0 0 0 0 1 1 0 0 1 1 1 1 1
 1 0 1 1 0 1 0 0 1 0 0 1 0 1 0 0 0 1 0 1 1 0 0 1 1 1
 0 1 0 1 0 1 0 0 1 0 0 1 0 1 1 0 1 1 1 0 1 1 0 1 0 1
 0 1 1 0 1 0 0 1 0 1 0 0 0 0 1 1 0 1 1 0 1 1 0 1 1 1
 0 0 0 1 0 1 0 0 0 1 1 1 0 1 0 0 0 0 1 0 0 0 0 0 0 1
 1 1 1 0 1 0 1 0 1 0 0 0 0 0 0 1 0 0 1 1 0 0 0 0 0 1
 1 0 0 0 0 1 0 1 0 1 1 0 0 1 1 1 1 1 0 1 1 0 1 0 1 0
 0 0 0 1 0 0 1 0 1 1 1 0 1 1 0 1 1 0 0 1 1 0 0 1 0 0
 0 1 1 0 0 1 0 1 0 1 1 1 0 1 1 1 0 0 0 1 0 1 1 1 1 0
 1 0 0 1 1 0 1 1 1 0 1 1 0 0 0 1 1 0 1 0 0 0 1 1 0 0
 0 0 0 0 1 0 1 1 1 1 0 1 1 0 0 1 1 1 0 0 0 1 0 1 1 0
 1 1 1 0 1 0 0 0 1 1 1 0 1 0 1 0 0 1 0 0 0 1 0 0 0 0
 0 0 0 0 0 0 0 1 0 0 1 1 0 1 0 0 0 0 1 0 0 0 0 1 1 0
 0 1 1 0 1 0 1 1 1 0 0 0 1 0 1 0 0 0 0 1 1 0 0 0 1 0
 0 0 1 1 0 0 1 0 1 0 0 1 0 1 0 1 0 1 0 1 1 0 1 1 0 0
 0 0 0 1 0 1 1 1 1 1 1 0 0 0 1 0 1 0 1 1 0 1 1 0 0 1
 0 0 1 0 0 0 1 1 0 1 1 0 0 0 0 1 0 1 0 0 1 1 1 0 0 0
 1 1 1 1 0 0 1 0 0 0 1 1 0 0 1 0 1 0 1 1 1 0 1 1 0 1
 1 0 1 1 1 1 0 0 0 1 0 0 1 0 0 1 0 1 0 1 0 0 1 1 0 1
 0 1 0 0 0 1 1 1 1 0 0 0 0 1 1 1 0 1 1 0 1 0 0 1 0 1
 0 1 1 1 0 0 1 1 0 0 0 0 0 1 1 0 1 1 0 1 0 1 0 0 1 1
 1 0 1 1 0 0 0 0 1 0 1 1 0 0 0 1 1 0 0 0 1 0 1 1 1 1
 1 0 0 0 0 0 1 0 1 1 0 0 0 0 1 1 1 1 1 0 0 1 0 1 1 0
 1 1 1 1 0 0 0 1 1 1 1 0 1 0 1 0 0 1 1 1 0 1 1 0 1 0
 1 1 0 1 0 0 1 0 1 0 1 0 1 1 0 0 0 0 0 0 1 1 1 1 0 1
 1 1 1 1 1 1 0 0 0 0 0 0 0 0 0 1 0 1 1 1 1 1 0 0 1 0
(76.882) 21 : { 3 4 5 7 9 10 12 14 16 18 19 20 21 22 23 24 25 }
