26 244
 0 1 1 0 1 1 1 1 1 1 1 1 1 0 1 0 1 1 1 1 1 1 1 1 1 1
 1 0 1 1 0 1 1 0 1 1 0 1 1 1 1 1 0 1 0 1 1 1 1 1 1 1
 1 1 0 1 0 1 1 0 1 1 1 1 0 1 1 1 1 1 1 0 1 1 0 1 1 1
 0 1 1 0 1 1 1 1 1 1 1 1 1 0 1 1 0 1 1 1 1 1 1 1 1 1
 1 0 0 1 0 1 0 1 0 1 1 1 0 1 1 0 0 1 1 1 1 0 1 1 0 1
 1 1 1 1 1 0 1 0 1 1 1 1 1 1 1 1 0 0 1 1 0 0 0 1 1 1
 1 1 1 1 0 1 0 1 0 1 1 0 1 1 1 1 1 1 0 1 1 0 1 0 1 0
 1 0 0 1 1 0 1 0 1 1 1 0 1 1 0 1 1 0 0 1 1 1 0 1 0 1
 1 1 1 1 0 1 0 1 0 1 1 1 1 1 1 1 1 0 0 1 1 1 1 1 1 0
 1 1 1 1 1 1 1 1 1 0 1 1 0 0 0 1 1 0 1 0 0 1 1 1 1 1
 1 0 1 1 1 1 1 1 1 1 0 1 1 1 1 1 1 1 0 0 1 1 0 1 1 0
 1 1 1 1 1 1 0 0 1 1 1 0 1 1 1 1 1 1 1 0 0 1 1 0 0 0
 1 1 0 1 0 1 1 1 1 0 1 1 0 1 1 1 0 0 1 0 1 0 0 1 1 0
 0 1 1 0 1 1 1 1 1 0 1 1 1 0 1 0 0 1 1 1 1 0 0 1 1 1
 1 1 1 1 1 1 1 0 1 0 1 1 1 1 0 1 1 1 1 1 1 0 1 1 1 0
 0 1 1 1 0 1 1 1 1 1 1 1 1 0 1 0 1 1 1 1 1 1 1 1 0 1
 1 0 1 0 0 0 1 1 1 1 1 1 0 0 1 1 0 1 1 1 1 1 1 1 0 0
 1 1 1 1 1 0 1 0 0 0 1 1 0 1 1 1 1 0 1 1 1 1 1 1 0 1
 1 0 1 1 1 1 0 0 0 1 0 1 1 1 1 1 1 1 0 1 1 0 1 1 0 1
 1 1 0 1 1 1 1 1 1 0 0 0 0 1 1 1 1 1 1 0 1 1 0 1 0 1
 1 1 1 1 1 0 1 1 1 0 1 0 1 1 1 1 1 1 1 1 0 1 0 1 1 1
 1 1 1 1 0 0 0 1 1 1 1 1 0 0 0 1 1 1 0 1 1 0 1 1 1 1
 1 1 0 1 1 0 1 0 1 1 0 1 0 0 1 1 1 1 1 0 0 1 0 1 1 0
 1 1 1 1 1 1 0 1 1 1 1 0 1 1 1 1 1 1 1 1 1 1 1 0 1 0
 1 1 1 1 0 1 1 0 1 1 1 0 1 1 1 0 0 0 0 0 1 1 1 1 0 1
 1 1 1 1 1 1 0 1 0 1 0 0 0 1 0 1 0 1 1 1 1 1 0 0 1 0
(101.201) 23 : { 1 2 3 4 5 7 8 9 10 11 12 15 16 18 19 20 21 24 25 26 }
