27 176
 0 1 0 1 0 1 1 0 0 1 1 1 1 1 1 1 0 0 1 1 0 0 0 0 1 1 1
 1 0 1 1 0 1 1 1 0 0 0 1 0 0 0 1 1 1 1 1 1 1 0 0 0 1 1
 0 1 0 1 0 0 1 1 0 0 0 1 1 0 0 0 0 0 0 0 0 1 1 0 1 1 1
 1 1 1 0 1 0 1 0 0 0 0 0 0 0 0 1 0 1 0 0 1 1 0 0 1 1 1
 0 0 0 1 0 1 1 0 1 0 0 0 0 1 1 1 1 1 1 0 0 0 0 0 0 1 1
 1 1 0 0 1 0 1 0 1 0 0 0 1 0 1 0 1 1 0 1 0 1 0 0 0 0 1
 1 1 1 1 1 1 0 1 0 0 0 0 1 1 0 0 1 1 1 0 0 0 0 0 1 0 1
 0 1 1 0 0 0 1 0 1 1 0 0 1 1 1 0 1 1 0 1 0 0 1 0 1 0 0
 0 0 0 0 1 1 0 1 0 1 1 0 0 1 0 1 1 1 0 0 0 0 1 1 0 0 0
 1 0 0 0 0 0 0 1 1 0 1 1 0 0 0 1 0 0 0 0 0 0 0 1 1 1 0
 1 0 0 0 0 0 0 0 1 1 0 1 1 1 1 0 1 0 0 0 0 0 1 0 1 0 1
 1 1 1 0 0 0 0 0 0 1 1 0 1 0 0 1 0 0 0 1 1 0 1 1 1 0 1
 1 0 1 0 0 1 1 1 0 0 1 1 0 1 1 0 0 0 1 1 0 0 0 1 1 1 0
 1 0 0 0 1 0 1 1 1 0 1 0 1 0 1 1 0 0 0 1 0 1 1 1 1 0 1
 1 0 0 0 1 1 0 1 0 0 1 0 1 1 0 1 0 1 0 1 1 0 0 1 0 1 1
 1 1 0 1 1 0 0 0 1 1 0 1 0 1 1 0 1 1 1 1 1 1 0 0 0 0 1
 0 1 0 0 1 1 1 1 1 0 1 0 0 0 0 1 0 1 0 0 0 1 1 1 0 0 1
 0 1 0 1 1 1 1 1 1 0 0 0 0 0 1 1 1 0 1 1 0 0 0 1 0 0 0
 1 1 0 0 1 0 1 0 0 0 0 0 1 0 0 1 0 1 0 1 0 0 0 1 1 0 1
 1 1 0 0 0 1 0 1 0 0 0 1 1 1 1 1 0 1 1 0 1 1 1 1 1 0 0
 0 1 0 1 0 0 0 0 0 0 0 1 0 0 1 1 0 0 0 1 0 1 1 0 0 0 0
 0 1 1 1 0 1 0 0 0 0 0 0 0 1 0 1 1 0 0 1 1 0 1 0 0 1 1
 0 0 1 0 0 0 0 1 1 0 1 1 0 1 0 0 1 0 0 1 1 1 0 1 1 0 0
 0 0 0 0 0 0 0 0 1 1 0 1 1 1 1 0 1 1 1 1 0 0 1 0 1 0 0
 1 0 1 1 0 0 1 1 0 1 1 1 1 1 0 0 0 0 1 1 0 0 1 1 0 1 1
 1 1 1 1 1 0 0 0 0 1 0 0 1 0 1 0 0 0 0 0 0 1 0 0 1 0 1
 1 1 1 1 1 1 1 0 0 0 1 1 0 1 1 1 1 0 1 0 0 1 0 0 1 1 0 
(162.711) 22 : { 1 2 3 4 8 9 13 14 15 16 17 20 22 24 25 26 27 }
