27 263
 0 1 1 1 0 1 1 0 1 1 0 1 1 0 1 1 1 0 1 1 0 1 0 1 1 0 1
 1 0 1 1 1 1 1 0 1 1 0 1 0 1 1 1 1 1 1 1 0 1 0 0 1 1 1
 1 1 0 1 1 1 1 1 0 1 1 1 1 1 0 0 1 1 1 0 0 1 0 1 1 1 1
 1 1 1 0 1 0 1 1 1 0 0 1 0 1 0 1 1 1 0 1 1 1 1 0 1 1 1
 0 1 1 1 0 1 1 1 1 0 1 0 1 0 1 1 0 1 0 0 1 1 1 1 0 1 1
 1 1 1 0 1 0 1 1 1 1 1 1 1 1 0 0 1 1 1 1 1 1 0 0 1 0 1
 1 1 1 1 1 1 0 1 1 0 0 1 1 0 1 1 1 1 1 0 1 0 1 1 1 1 1
 0 0 1 1 1 1 1 0 1 1 1 1 0 1 0 1 1 1 1 1 0 1 0 1 1 1 1
 1 1 0 1 1 1 1 1 0 1 1 1 1 1 1 1 1 1 0 1 1 1 0 1 1 1 1
 1 1 1 0 0 1 0 1 1 0 1 1 1 1 0 1 0 0 1 1 1 1 1 0 1 1 1
 0 0 1 0 1 1 0 1 1 1 0 1 1 1 1 1 0 0 0 1 0 1 1 1 0 1 1
 1 1 1 1 0 1 1 1 1 1 1 0 1 0 1 1 1 1 1 1 1 1 1 0 1 1 1
 1 0 1 0 1 1 1 0 1 1 1 1 0 1 0 1 0 1 1 0 0 1 1 1 1 0 0
 0 1 1 1 0 1 0 1 1 1 1 0 1 0 1 1 1 1 1 1 0 0 1 0 1 0 1
 1 1 0 0 1 0 1 0 1 0 1 1 0 1 0 1 0 0 1 0 1 0 1 1 0 1 1
 1 1 0 1 1 0 1 1 1 1 1 1 1 1 1 0 1 0 1 1 1 1 1 1 1 1 1
 1 1 1 1 0 1 1 1 1 0 0 1 0 1 0 1 0 1 1 1 0 1 1 0 0 1 0
 0 1 1 1 1 1 1 1 1 0 0 1 1 1 0 0 1 0 1 0 0 1 1 1 1 1 0
 1 1 1 0 0 1 1 1 0 1 0 1 1 1 1 1 1 1 0 1 1 1 0 1 1 1 1
 1 1 0 1 0 1 0 1 1 1 1 1 0 1 0 1 1 0 1 0 1 1 1 1 1 0 0
 0 0 0 1 1 1 1 0 1 1 0 1 0 0 1 1 0 0 1 1 0 1 1 1 1 1 1
 1 1 1 1 1 1 0 1 1 1 1 1 1 0 0 1 1 1 1 1 1 0 1 1 0 1 1
 0 0 0 1 1 0 1 0 0 1 1 1 1 1 1 1 1 1 0 1 1 1 0 1 1 1 1
 1 0 1 0 1 0 1 1 1 0 1 0 1 0 1 1 0 1 1 1 1 1 1 0 1 1 1
 1 1 1 1 0 1 1 1 1 1 0 1 1 1 0 1 0 1 1 1 1 0 1 1 0 1 1
 0 1 1 1 1 0 1 1 1 1 1 1 0 0 1 1 1 1 1 0 1 1 1 1 1 0 1
 1 1 1 1 1 1 1 1 1 1 1 1 0 1 1 1 0 0 1 0 1 1 1 1 1 1 0
(220.089) 24 : { 1 2 3 4 5 6 7 8 9 10 11 12 14 16 19 20 22 23 24 25 26 }
