28 189
 0 1 1 1 1 1 1 0 1 0 0 1 0 1 0 0 1 1 0 1 0 0 1 0 1 1 1 1
 1 0 1 0 0 1 0 0 1 0 0 1 0 0 0 0 0 1 0 1 0 1 0 0 1 1 1 1
 1 1 0 1 0 0 0 0 0 1 1 0 1 0 0 0 0 0 0 1 1 0 1 1 0 1 1 1
 1 0 1 0 1 1 0 1 1 0 1 1 1 0 0 0 0 1 0 0 1 0 1 1 1 0 1 0
 1 0 0 1 0 1 0 0 0 0 1 1 0 1 0 0 1 1 1 1 1 1 0 0 1 1 1 1
 1 1 0 1 1 0 1 0 1 1 1 0 1 0 0 1 0 1 1 1 1 1 1 0 1 1 0 1
 1 0 0 0 0 1 0 1 1 0 0 1 0 1 0 1 0 0 1 0 0 0 0 0 1 0 1 0
 0 0 0 1 0 0 1 0 1 0 0 1 0 1 0 0 1 1 0 1 1 0 0 0 0 0 0 0
 1 1 0 1 0 1 1 1 0 1 0 0 1 1 0 0 1 0 0 1 0 0 1 1 1 1 1 1
 0 0 1 0 0 1 0 0 1 0 1 1 1 0 1 0 0 0 1 0 1 1 1 0 0 1 1 0
 0 0 1 1 1 1 0 0 0 1 0 1 1 1 0 1 0 1 0 0 0 0 0 0 0 0 1 0
 1 1 0 1 1 0 1 1 0 1 1 0 1 0 0 1 0 0 1 1 1 0 1 0 0 0 1 0
 0 0 1 1 0 1 0 0 1 1 1 1 0 1 0 1 1 0 1 0 0 0 0 0 0 0 0 1
 1 0 0 0 1 0 1 1 1 0 1 0 1 0 1 1 0 1 0 0 0 0 0 0 0 1 0 0
 0 0 0 0 0 0 0 0 0 1 0 0 0 1 0 1 1 0 0 1 1 0 0 0 1 0 0 1
 0 0 0 0 0 1 1 0 0 0 1 1 1 1 1 0 1 0 1 1 1 0 0 1 1 1 1 1
 1 0 0 0 1 0 0 1 1 0 0 0 1 0 1 1 0 1 1 1 1 0 0 1 0 1 0 1
 1 1 0 1 1 1 0 1 0 0 1 0 0 1 0 0 1 0 1 0 1 0 0 1 1 1 0 0
 0 0 0 0 1 1 1 0 0 1 0 1 1 0 0 1 1 1 0 1 0 0 0 0 0 0 0 1
 1 1 1 0 1 1 0 1 1 0 0 1 0 0 1 1 1 0 1 0 1 0 0 1 1 1 1 0
 0 0 1 1 1 1 0 1 0 1 0 1 0 0 1 1 1 1 0 1 0 1 0 1 1 1 0 0
 0 1 0 0 1 1 0 0 0 1 0 0 0 0 0 0 0 0 0 0 1 0 1 0 1 0 1 0
 1 0 1 1 0 1 0 0 1 1 0 1 0 0 0 0 0 0 0 0 0 1 0 1 1 0 0 0
 0 0 1 1 0 0 0 0 1 0 0 0 0 0 0 1 1 1 0 1 1 0 1 0 1 1 1 1
 1 1 0 1 1 1 1 0 1 0 0 0 0 0 1 1 0 1 0 1 1 1 1 1 0 1 0 0
 1 1 1 0 1 1 0 0 1 1 0 0 0 1 0 1 1 1 0 1 1 0 0 1 1 0 1 0
 1 1 1 1 1 0 1 0 1 1 1 1 0 0 0 1 0 0 0 1 0 1 0 1 0 1 0 1
 1 1 1 0 1 1 0 0 1 0 0 0 1 0 1 1 1 0 1 0 0 0 0 1 0 0 1 0
(318.336) 22 : { 1 3 4 5 6 9 10 12 14 16 17 18 20 21 25 27 28 }
