28 284
 0 1 1 1 1 1 1 1 1 1 0 1 1 1 1 1 1 1 1 1 1 1 1 1 1 0 1 1
 1 0 1 1 1 0 1 1 1 0 1 1 1 1 1 1 1 1 1 1 1 1 0 1 1 1 1 0
 1 1 0 1 1 1 0 1 1 1 1 1 1 1 0 1 0 0 1 0 1 1 1 1 0 1 0 1
 1 1 1 0 1 0 1 1 0 1 1 1 1 1 0 1 1 1 0 1 0 0 1 1 1 1 1 1
 1 1 1 1 0 1 1 1 1 1 1 1 0 1 1 1 0 0 1 1 1 0 0 1 1 1 1 1
 1 0 1 0 1 0 1 0 1 0 1 0 1 0 1 0 0 0 1 0 1 0 1 0 1 1 1 1
 1 1 0 1 1 1 0 1 1 1 0 1 1 0 1 1 1 1 1 1 1 1 1 1 0 1 1 1
 1 1 1 1 1 0 1 0 1 0 1 1 0 0 1 0 1 0 1 1 1 1 0 1 1 1 1 1
 1 1 1 0 1 1 1 1 0 1 0 1 0 1 1 0 1 1 1 0 1 1 1 1 1 1 0 1
 1 0 1 1 1 0 1 0 1 0 1 1 0 1 0 1 1 0 0 0 1 0 1 1 1 1 0 1
 0 1 1 1 1 1 0 1 0 1 0 1 1 1 1 0 0 1 1 1 1 1 1 1 1 0 0 1
 1 1 1 1 1 0 1 1 1 1 1 0 1 0 0 0 1 0 1 1 1 1 1 1 0 1 1 1
 1 1 1 1 0 1 1 0 0 0 1 1 0 1 0 1 0 0 0 1 1 1 1 1 1 1 0 1
 1 1 1 1 1 0 0 0 1 1 1 0 1 0 1 1 1 1 1 1 1 0 1 0 0 0 0 1
 1 1 0 0 1 1 1 1 1 0 1 0 0 1 0 1 0 1 1 1 0 1 1 1 1 1 0 1
 1 1 1 1 1 0 1 0 0 1 0 0 1 1 1 0 1 1 1 1 0 0 1 1 1 1 1 1
 1 1 0 1 0 0 1 1 1 1 0 1 0 1 0 1 0 1 1 1 1 0 1 1 1 1 1 1
 1 1 0 1 0 0 1 0 1 0 1 0 0 1 1 1 1 0 1 1 1 1 1 1 1 1 1 0
 1 1 1 0 1 1 1 1 1 0 1 1 0 1 1 1 1 1 0 1 0 0 1 0 1 1 1 1
 1 1 0 1 1 0 1 1 0 0 1 1 1 1 1 1 1 1 1 0 1 0 0 0 0 1 1 1
 1 1 1 0 1 1 1 1 1 1 1 1 1 1 0 0 1 1 0 1 0 1 1 1 0 1 1 1
 1 1 1 0 0 0 1 1 1 0 1 1 1 0 1 0 0 1 0 0 1 0 1 1 1 0 1 1
 1 0 1 1 0 1 1 0 1 1 1 1 1 1 1 1 1 1 1 0 1 1 0 1 1 0 0 1
 1 1 1 1 1 0 1 1 1 1 1 1 1 0 1 1 1 1 0 0 1 1 1 0 1 0 1 1
 1 1 0 1 1 1 0 1 1 1 1 0 1 0 1 1 1 1 1 0 0 1 1 1 0 1 0 1
 0 1 1 1 1 1 1 1 1 1 0 1 1 0 1 1 1 1 1 1 1 0 0 0 1 0 1 1
 1 1 0 1 1 1 1 1 0 0 0 1 0 0 0 1 1 1 1 1 1 1 0 1 0 1 0 1
 1 0 1 1 1 1 1 1 1 1 1 1 1 1 1 1 1 0 1 1 1 1 1 1 1 1 1 0
(465.834) 25 : { 1 2 3 4 5 7 8 9 11 12 13 14 15 16 17 18 21 23 25 26 27 28 }
