29 102
 0 1 1 0 0 0 1 1 0 1 0 0 0 1 0 1 1 0 0 0 0 0 0 0 1 0 0 0 0
 1 0 1 0 1 0 0 0 0 1 1 0 0 0 1 0 0 0 1 0 1 0 0 0 0 1 0 0 0
 1 1 0 1 1 0 0 1 0 0 1 0 1 1 0 1 0 0 0 0 0 0 0 0 0 0 1 0 0
 0 0 1 0 1 0 0 0 0 1 0 0 0 0 0 1 1 0 0 0 1 0 1 0 0 0 0 0 0
 0 1 1 1 0 1 0 0 0 0 0 0 0 1 0 0 0 0 0 1 0 0 0 0 0 0 1 0 1
 0 0 0 0 1 0 1 1 0 0 0 0 0 0 0 0 0 0 0 0 0 0 0 1 1 0 0 1 0
 1 0 0 0 0 1 0 1 0 0 0 0 0 0 0 0 0 0 0 0 0 0 0 0 0 0 0 1 1
 1 0 1 0 0 1 1 0 1 0 1 0 0 0 0 0 0 0 0 0 0 0 1 0 0 0 0 0 0
 0 0 0 0 0 0 0 1 0 1 0 0 0 0 0 1 0 0 0 0 0 0 1 0 0 1 0 0 0
 1 1 0 1 0 0 0 0 1 0 1 1 0 0 0 0 0 0 0 0 0 1 0 0 0 1 0 0 1
 0 1 1 0 0 0 0 1 0 1 0 1 0 0 0 0 1 0 0 0 0 0 1 0 0 0 0 0 1
 0 0 0 0 0 0 0 0 0 1 1 0 1 0 0 0 0 0 1 0 0 0 1 0 1 1 0 0 0
 0 0 1 0 0 0 0 0 0 0 0 1 0 1 0 0 0 0 0 0 0 0 0 0 0 0 0 0 0
 1 0 1 0 1 0 0 0 0 0 0 0 1 0 1 0 0 0 0 0 0 0 1 0 0 0 1 0 0
 0 1 0 0 0 0 0 0 0 0 0 0 0 1 0 1 0 0 0 0 0 0 0 0 0 0 0 0 1
 1 0 1 1 0 0 0 0 1 0 0 0 0 0 1 0 1 0 0 0 1 0 0 1 1 1 1 0 1
 1 0 0 1 0 0 0 0 0 0 1 0 0 0 0 1 0 1 0 0 0 0 0 0 1 1 0 1 0
 0 0 0 0 0 0 0 0 0 0 0 0 0 0 0 0 1 0 1 1 0 0 0 0 0 0 1 0 0
 0 1 0 0 0 0 0 0 0 0 0 1 0 0 0 0 0 1 0 1 1 0 0 0 1 0 0 0 1
 0 0 0 0 1 0 0 0 0 0 0 0 0 0 0 0 0 1 1 0 1 0 0 0 0 0 0 0 1
 0 1 0 1 0 0 0 0 0 0 0 0 0 0 0 1 0 0 1 1 0 1 0 0 0 0 0 0 0
 0 0 0 0 0 0 0 0 0 1 0 0 0 0 0 0 0 0 0 0 1 0 1 0 0 1 0 0 0
 0 0 0 1 0 0 0 1 1 0 1 1 0 1 0 0 0 0 0 0 0 1 0 1 1 0 0 1 0
 0 0 0 0 0 1 0 0 0 0 0 0 0 0 0 1 0 0 0 0 0 0 1 0 1 0 0 0 0
 1 0 0 0 0 1 0 0 0 0 0 1 0 0 0 1 1 0 1 0 0 0 1 1 0 1 0 0 0
 0 1 0 0 0 0 0 0 1 1 0 1 0 0 0 1 1 0 0 0 0 1 0 0 1 0 1 0 0
 0 0 1 0 1 0 0 0 0 0 0 0 0 1 0 1 0 1 0 0 0 0 0 0 0 1 0 1 0
 0 0 0 0 0 1 1 0 0 0 0 0 0 0 0 0 1 0 0 0 0 0 1 0 0 0 1 0 1
 0 0 0 0 1 0 1 0 0 1 1 0 0 0 1 1 0 0 1 1 0 0 0 0 0 0 0 1 0 
(301.518) 18 : { 1 2 3 4 5 8 12 16 17 22 23 25 27 29 }
