29 203
 0 1 0 0 0 0 1 0 1 0 1 0 1 0 0 1 0 0 0 0 0 0 1 1 1 1 0 0 0
 1 0 1 0 0 1 1 0 1 0 0 1 0 1 1 1 0 0 0 0 1 0 0 1 0 1 0 0 1
 0 1 0 1 1 1 1 0 0 1 0 0 0 0 1 1 1 0 1 0 0 1 0 1 1 1 1 1 0
 0 0 1 0 1 1 1 1 0 1 1 0 1 1 1 0 1 0 0 1 0 1 0 0 0 0 0 0 0
 0 0 1 1 0 1 1 1 0 1 0 0 0 1 0 1 0 0 0 1 0 1 0 0 1 0 0 1 0
 0 1 1 1 1 0 1 0 0 1 1 1 1 0 1 1 0 1 1 0 1 0 1 1 1 1 1 1 1
 1 1 1 1 1 1 0 1 0 1 0 0 0 0 0 0 0 0 1 0 0 0 0 0 1 0 0 1 0
 0 0 0 1 1 0 1 0 1 1 0 0 1 0 1 1 1 0 0 0 1 1 0 1 0 0 0 1 0
 1 1 0 0 0 0 0 1 0 1 1 0 1 1 0 0 1 0 0 1 1 1 0 0 0 1 0 0 0
 0 0 1 1 1 1 1 1 1 0 1 1 0 0 0 1 1 0 0 0 0 0 1 1 0 0 0 1 0
 1 0 0 1 0 1 0 0 1 1 0 1 0 1 1 1 0 1 1 0 0 0 0 0 1 0 0 0 0
 0 1 0 0 0 1 0 0 0 1 1 0 1 0 1 1 1 1 0 1 0 0 1 0 0 0 0 0 0
 1 0 0 1 0 1 0 1 1 0 0 1 0 1 0 1 1 0 0 1 1 1 0 1 0 1 1 1 0
 0 1 0 1 1 0 0 0 1 0 1 0 1 0 1 0 1 0 0 0 1 1 1 1 1 0 0 1 0
 0 1 1 1 0 1 0 1 0 0 1 1 0 1 0 1 1 0 0 0 1 1 1 0 0 0 0 1 0
 1 1 1 0 1 1 0 1 0 1 1 1 1 0 1 0 1 1 0 0 1 1 0 1 1 1 1 0 1
 0 0 1 1 0 0 0 1 1 1 0 1 1 1 1 1 0 1 0 1 0 1 0 0 0 1 1 1 0
 0 0 0 0 0 1 0 0 0 0 1 1 0 0 0 1 1 0 1 1 0 0 0 1 1 0 0 1 1
 0 0 1 0 0 1 1 0 0 0 1 0 0 0 0 0 0 1 0 1 0 1 1 0 1 0 1 0 1
 0 0 0 1 1 0 0 0 1 0 0 1 1 0 0 0 1 1 1 0 1 0 0 1 0 1 0 1 1
 0 1 0 0 0 1 0 1 1 0 0 0 1 1 1 1 0 0 0 1 0 1 1 1 1 1 1 0 0
 0 0 1 1 1 0 0 1 1 0 0 0 1 1 1 1 1 0 1 0 1 0 1 1 0 1 1 1 0
 1 0 0 0 0 1 0 0 0 1 0 1 0 1 1 0 0 0 1 0 1 1 0 1 1 0 0 0 1
 1 1 1 0 0 1 0 1 0 1 0 0 1 1 0 1 0 1 0 1 1 1 1 0 1 1 0 0 1
 1 0 1 0 1 1 1 0 0 0 1 0 0 1 0 1 0 1 1 0 1 0 1 1 0 1 1 0 1
 1 1 1 0 0 1 0 0 1 0 0 0 1 0 0 1 1 0 0 1 1 1 0 1 1 0 1 1 1
 0 0 1 0 0 1 0 0 0 0 0 0 1 0 0 1 1 0 1 0 1 1 0 0 1 1 0 1 1
 0 0 1 0 1 1 1 1 0 1 0 0 1 1 1 0 1 1 0 1 0 1 0 0 0 1 1 0 1
 0 1 0 0 0 1 0 0 0 0 0 0 0 0 0 1 0 1 1 1 0 0 1 1 1 1 1 1 0
(670.070) 23 : { 2 3 6 7 9 11 12 13 16 17 20 21 22 23 24 25 28 }
