29 304
 0 1 0 0 0 1 1 0 1 0 1 0 1 0 0 1 1 0 1 1 0 1 1 1 1 1 0 0 1
 1 0 1 0 0 1 1 1 1 1 0 1 0 1 1 1 0 0 1 0 1 1 1 1 1 1 1 1 1
 0 1 0 1 1 1 1 1 0 1 0 1 1 1 1 1 1 1 1 0 0 1 1 1 1 1 1 1 1
 0 0 1 0 1 1 1 1 0 1 1 0 1 1 1 0 1 1 1 1 0 1 1 0 0 0 1 1 0
 0 0 1 1 0 1 1 1 1 1 0 1 0 1 1 1 0 0 0 1 1 1 1 1 1 1 0 1 1
 1 1 1 1 1 0 1 1 0 1 1 1 1 0 1 1 0 1 1 1 1 0 1 1 1 1 1 1 1
 1 1 1 1 1 1 0 1 0 1 0 0 0 1 0 1 1 1 1 0 0 1 0 1 1 0 0 1 0
 0 1 1 1 1 1 1 0 1 1 1 0 1 1 1 1 1 0 1 1 1 1 1 1 0 1 1 1 1
 1 1 0 0 1 0 0 1 0 1 1 1 1 1 1 0 1 0 1 1 1 1 0 0 1 1 1 1 0
 0 1 1 1 1 1 1 1 1 0 1 1 1 1 1 1 1 0 1 1 1 0 1 1 1 1 1 1 1
 1 0 0 1 0 1 0 1 1 1 0 1 0 1 1 1 0 1 1 0 0 1 1 1 1 1 0 0 1
 0 1 1 0 1 1 0 0 1 1 1 0 1 0 1 1 1 1 0 1 1 0 1 1 0 0 0 1 1
 1 0 1 1 0 1 0 1 1 1 0 1 0 1 0 1 1 1 1 1 1 1 1 1 1 1 1 1 0
 0 1 1 1 1 0 1 1 1 1 1 0 1 0 1 0 1 1 1 0 1 1 1 1 1 1 0 1 1
 0 1 1 1 1 1 0 1 1 1 1 1 0 1 0 1 1 0 0 1 1 1 1 0 0 1 1 1 0
 1 1 1 0 1 1 1 1 0 1 1 1 1 0 1 0 1 1 0 0 1 1 1 1 1 1 1 0 1
 1 0 1 1 0 0 1 1 1 1 0 1 1 1 1 1 0 1 0 1 0 1 0 0 1 1 1 1 0
 0 0 1 1 0 1 1 0 0 0 1 1 1 1 0 1 1 0 1 1 0 1 1 1 1 0 0 1 1
 1 1 1 1 0 1 1 1 1 1 1 0 1 1 0 0 0 1 0 1 0 1 1 1 1 0 1 1 1
 1 0 0 1 1 1 0 1 1 1 0 1 1 0 1 0 1 1 1 0 1 1 0 1 1 1 1 1 1
 0 1 0 0 1 1 0 1 1 1 0 1 1 1 1 1 0 0 0 1 0 1 1 1 1 1 1 1 1
 1 1 1 1 1 0 1 1 1 0 1 0 1 1 1 1 1 1 1 1 1 0 1 1 0 1 1 1 0
 1 1 1 1 1 1 0 1 0 1 1 1 1 1 1 1 0 1 1 0 1 1 0 1 1 1 0 1 1
 1 1 1 0 1 1 1 1 0 1 1 1 1 1 0 1 0 1 1 1 1 1 1 0 1 1 0 1 1
 1 1 1 0 1 1 1 0 1 1 1 0 1 1 0 1 1 1 1 1 1 0 1 1 0 1 1 1 1
 1 1 1 0 1 1 0 1 1 1 1 0 1 1 1 1 1 0 0 1 1 1 1 1 1 0 1 1 1
 0 1 1 1 0 1 0 1 1 1 0 0 1 0 1 1 1 0 1 1 1 1 0 0 1 1 0 1 1
 0 1 1 1 1 1 1 1 1 1 0 1 1 1 1 0 1 1 1 1 1 1 1 1 1 1 1 0 1
 1 1 1 0 1 1 0 1 0 1 1 1 0 1 0 1 0 1 1 1 1 0 1 1 1 1 1 1 0 
(972.755) 26 : { 1 2 3 4 5 6 8 9 10 11 12 13 14 16 17 20 22 23 24 25 27 28 29 }
