30 218
 0 1 0 1 0 0 0 1 0 0 0 1 0 0 1 0 0 1 1 0 1 1 0 0 0 0 0 1 0 0
 1 0 1 1 0 0 1 1 0 0 0 0 1 1 0 0 1 0 1 0 1 0 1 1 0 0 1 0 1 1
 0 1 0 1 0 0 1 1 1 1 1 1 0 1 1 0 1 0 0 1 0 0 0 1 0 1 1 1 0 0
 1 1 1 0 1 1 1 1 0 0 1 1 0 0 1 1 0 0 1 1 1 0 1 1 0 1 0 0 0 1
 0 0 0 1 0 1 1 0 1 1 0 0 0 0 0 1 0 1 1 0 1 1 0 1 0 1 1 0 1 0
 0 0 0 1 1 0 1 1 0 1 1 0 1 1 0 0 0 0 0 0 0 0 1 1 0 0 1 0 0 1
 0 1 1 1 1 1 0 1 1 0 1 0 0 0 1 1 1 1 1 1 1 0 0 0 0 0 1 0 0 1
 1 1 1 1 0 1 1 0 1 0 1 1 0 0 1 0 1 0 1 0 0 0 0 1 1 0 0 0 0 1
 0 0 1 0 1 0 1 1 0 1 1 1 1 1 0 0 1 0 0 1 1 1 0 0 0 1 0 0 1 0
 0 0 1 0 1 1 0 0 1 0 1 1 1 1 0 1 0 1 1 1 0 1 0 0 1 1 0 0 1 1
 0 0 1 1 0 1 1 1 1 1 0 1 0 1 0 1 0 1 1 1 0 1 1 1 1 0 0 0 0 1
 1 0 1 1 0 0 0 1 1 1 1 0 1 0 1 1 1 1 0 0 1 0 1 1 0 0 0 1 0 0
 0 1 0 0 0 1 0 0 1 1 0 1 0 1 0 0 1 0 0 0 0 0 0 1 1 0 1 1 0 0
 0 1 1 0 0 1 0 0 1 1 1 0 1 0 1 0 1 1 0 0 1 0 1 1 0 0 0 1 1 1
 1 0 1 1 0 0 1 1 0 0 0 1 0 1 0 1 0 1 0 0 0 0 0 0 0 1 1 0 0 1
 0 0 0 1 1 0 1 0 0 1 1 1 0 0 1 0 1 1 0 0 1 0 0 0 0 1 0 0 0 0
 0 1 1 0 0 0 1 1 1 0 0 1 1 1 0 1 0 1 0 0 0 0 1 0 0 0 1 1 1 1
 1 0 0 0 1 0 1 0 0 1 1 1 0 1 1 1 1 0 1 0 0 0 1 1 0 0 0 1 1 0
 1 1 0 1 1 0 1 1 0 1 1 0 0 0 0 0 0 1 0 1 1 0 1 0 0 1 0 0 0 0
 0 0 1 1 0 0 1 0 1 1 1 0 0 0 0 0 0 0 1 0 1 1 0 0 0 0 1 0 1 1
 1 1 0 1 1 0 1 0 1 0 0 1 0 1 0 1 0 0 1 1 0 1 1 1 1 1 1 1 1 0
 1 0 0 0 1 0 0 0 1 1 1 0 0 0 0 0 0 0 0 1 1 0 1 0 0 0 1 1 1 1
 0 1 0 1 0 1 0 0 0 0 1 1 0 1 0 0 1 1 1 0 1 1 0 1 0 1 1 1 1 0
 0 1 1 1 1 1 0 1 0 0 1 1 1 1 0 0 0 1 0 0 1 0 1 0 1 1 0 1 1 0
 0 0 0 0 0 0 0 1 0 1 1 0 1 0 0 0 0 0 0 0 1 0 0 1 0 1 1 0 0 0
 0 0 1 1 1 0 0 0 1 1 0 0 0 0 1 1 0 0 1 0 1 0 1 1 1 0 1 0 1 1
 0 1 1 0 1 1 1 0 0 0 0 0 1 0 1 0 1 0 0 1 1 1 1 0 1 1 0 1 1 1
 1 0 1 0 0 0 0 0 0 0 0 1 1 1 0 0 1 1 0 0 1 1 1 1 0 0 1 0 1 0
 0 1 0 0 1 0 0 0 1 1 0 0 0 1 0 0 1 1 0 1 1 1 1 1 0 1 1 1 0 1
 0 1 0 1 0 1 1 1 0 1 1 0 0 1 1 0 1 0 0 1 0 1 0 0 0 1 1 0 1 0
(1506.323) 24 : { 1 2 3 4 5 7 8 9 10 11 12 13 14 18 21 23 26 27 28 29 30 }
