31 232
 0 1 1 1 1 1 1 0 0 1 1 0 0 1 0 0 0 1 0 1 0 0 0 1 0 0 0 1 1 1 0
 1 0 1 0 0 1 0 1 0 0 1 1 1 0 1 0 1 0 0 0 0 0 0 1 0 0 1 1 0 0 0
 1 1 0 1 0 1 1 0 0 1 0 1 1 0 1 0 0 0 0 1 0 0 0 0 0 1 0 1 1 1 0
 1 0 1 0 1 1 1 0 0 0 0 0 0 0 0 0 1 1 1 0 0 1 1 0 0 0 0 1 0 0 1
 1 0 0 1 0 1 1 0 1 0 1 0 0 0 0 1 1 1 1 1 0 0 1 0 0 0 1 1 1 0 1
 1 1 1 1 1 0 1 0 1 0 0 1 1 1 1 0 0 1 1 1 1 1 0 1 1 0 0 0 0 1 0
 1 0 1 1 1 1 0 1 1 1 0 0 1 1 1 0 1 1 1 1 0 0 0 0 0 0 1 0 0 0 1
 0 1 0 0 0 0 1 0 1 0 1 0 1 0 0 1 0 1 1 1 1 0 0 0 0 0 0 1 0 0 1
 0 0 0 0 1 1 1 1 0 1 0 1 1 0 1 0 0 1 0 0 0 1 1 1 1 0 0 1 0 0 0
 1 0 1 0 0 0 1 0 1 0 1 0 0 0 0 1 1 1 1 1 0 1 0 1 0 0 0 1 0 0 0
 1 1 0 0 1 0 0 1 0 1 0 1 0 1 1 1 1 0 1 1 1 1 1 0 1 1 1 0 0 1 0
 0 1 1 0 0 1 0 0 1 0 1 0 1 1 0 1 0 1 1 1 1 0 1 1 1 0 1 1 1 0 0
 0 1 1 0 0 1 1 1 1 0 0 1 0 1 0 0 1 0 1 0 1 1 0 0 0 0 0 0 1 0 0
 1 0 0 0 0 1 1 0 0 0 1 1 1 0 1 0 0 0 0 1 1 1 0 0 1 0 0 1 0 0 1
 0 1 1 0 0 1 1 0 1 0 1 0 0 1 0 1 0 1 0 0 1 1 1 0 0 0 1 0 1 0 0
 0 0 0 0 1 0 0 1 0 1 1 1 0 0 1 0 1 0 1 1 1 1 0 0 1 1 0 1 1 0 1
 0 1 0 1 1 0 1 0 0 1 1 0 1 0 0 1 0 1 1 1 1 1 1 0 1 1 0 1 1 0 1
 1 0 0 1 1 1 1 1 1 1 0 1 0 0 1 0 1 0 1 0 0 0 1 0 1 0 1 0 1 0 0
 0 0 0 1 1 1 1 1 0 1 1 1 1 0 0 1 1 1 0 1 0 0 1 0 1 0 1 0 1 1 0
 1 0 1 0 1 1 1 1 0 1 1 1 0 1 0 1 1 0 1 0 1 1 0 1 1 0 0 1 0 0 0
 0 0 0 0 0 1 0 1 0 0 1 1 1 1 1 1 1 0 0 1 0 1 0 1 1 1 1 1 0 0 1
 0 0 0 1 0 1 0 0 1 1 1 0 1 1 1 1 1 0 0 1 1 0 1 1 1 0 1 0 0 0 0
 0 0 0 1 1 0 0 0 1 0 1 1 0 0 1 0 1 1 1 0 0 1 0 1 1 1 1 1 0 0 0
 1 1 0 0 0 1 0 0 1 1 0 1 0 0 0 0 0 0 0 1 1 1 1 0 1 0 1 0 1 0 0
 0 0 0 0 0 1 0 0 1 0 1 1 0 1 0 1 1 1 1 1 1 1 1 1 0 1 1 0 1 0 0
 0 0 1 0 0 0 0 0 0 0 1 0 0 0 0 1 1 0 0 0 1 0 1 0 1 0 1 0 0 0 1
 0 1 0 0 1 0 1 0 0 0 1 1 0 0 1 0 0 1 1 0 1 1 1 1 1 1 0 1 1 1 1
 1 1 1 1 1 0 0 1 1 1 0 1 0 1 0 1 1 0 0 1 1 0 1 0 0 0 1 0 1 0 0
 1 0 1 0 1 0 0 0 0 0 0 1 1 0 1 1 1 1 1 0 0 0 0 1 1 0 1 1 0 1 0
 1 0 1 0 0 1 0 0 0 0 1 0 0 0 0 0 0 0 1 0 0 0 0 0 0 0 1 0 1 0 1
 0 0 0 1 1 0 1 1 0 0 0 0 0 1 0 1 1 0 0 0 1 0 0 0 0 1 1 0 0 1 0
(3102.376) 24 : { 1 2 3 6 7 9 11 12 13 16 17 18 19 20 21 22 23 25 27 28 29 31 }
