31 349
 0 1 1 1 0 0 1 0 1 1 1 1 1 1 0 0 1 0 0 0 1 0 1 1 1 0 1 1 1 1 1
 1 0 1 1 1 1 1 1 1 1 0 1 1 0 1 1 1 1 1 1 1 1 0 0 1 1 1 1 0 1 1
 1 1 0 1 1 1 1 1 1 1 0 1 1 1 1 0 1 1 0 0 1 1 0 1 0 1 1 1 0 1 1
 1 1 1 0 1 1 1 1 1 1 0 1 1 1 1 1 1 1 0 0 0 1 1 1 1 0 1 1 1 1 1
 0 1 1 1 0 1 1 0 0 0 1 1 1 1 1 1 0 1 1 1 0 1 1 1 1 1 1 1 1 0 1
 0 1 1 1 1 0 1 0 0 1 0 1 1 0 1 1 1 1 1 1 1 1 1 1 1 1 1 0 1 1 1
 1 1 1 1 1 1 0 1 1 0 0 1 1 0 1 1 1 1 1 1 1 1 0 0 1 1 0 1 1 1 1
 0 1 1 1 0 0 1 0 1 1 1 1 1 1 1 1 1 1 1 1 1 1 0 1 0 1 0 1 1 0 0
 1 1 1 1 0 0 1 1 0 1 1 0 1 0 0 0 1 0 1 0 1 0 1 1 1 0 1 1 1 0 1
 1 1 1 1 0 1 0 1 1 0 1 1 1 1 1 1 1 1 1 1 1 1 1 1 1 1 1 0 0 0 0
 1 0 0 0 1 0 0 1 1 1 0 1 1 0 1 1 1 1 1 1 0 0 0 1 1 0 1 1 1 1 1
 1 1 1 1 1 1 1 1 0 1 1 0 1 0 0 1 1 1 1 1 1 1 1 1 1 0 1 0 1 1 1
 1 1 1 1 1 1 1 1 1 1 1 1 0 1 1 0 1 1 0 0 0 1 1 0 1 0 1 1 1 0 0
 1 0 1 1 1 0 0 1 0 1 0 0 1 0 1 1 1 0 0 1 1 0 1 1 1 1 0 0 1 1 0
 0 1 1 1 1 1 1 1 0 1 1 0 1 1 0 1 0 1 1 1 1 0 1 0 1 1 1 1 1 1 1
 0 1 0 1 1 1 1 1 0 1 1 1 0 1 1 0 1 1 1 1 1 1 1 1 1 1 0 1 1 0 0
 1 1 1 1 0 1 1 1 1 1 1 1 1 1 0 1 0 1 0 0 1 1 1 1 0 1 0 1 0 1 1
 0 1 1 1 1 1 1 1 0 1 1 1 1 0 1 1 1 0 1 0 1 1 1 1 0 1 1 0 1 1 0
 0 1 0 0 1 1 1 1 1 1 1 1 0 0 1 1 0 1 0 1 1 1 1 1 0 0 1 1 1 1 1
 0 1 0 0 1 1 1 1 0 1 1 1 0 1 1 1 0 0 1 0 1 1 1 1 1 0 1 1 0 0 1
 1 1 1 0 0 1 1 1 1 1 0 1 0 1 1 1 1 1 1 1 0 1 0 1 1 1 0 1 1 1 1
 0 1 1 1 1 1 1 1 0 1 0 1 1 0 0 1 1 1 1 1 1 0 1 1 1 0 1 1 1 1 1
 1 0 0 1 1 1 0 0 1 1 0 1 1 1 1 1 1 1 1 1 0 1 0 1 1 1 0 1 1 0 1
 1 0 1 1 1 1 0 1 1 1 1 1 0 1 0 1 1 1 1 1 1 1 1 0 1 1 0 1 1 1 1
 1 1 0 1 1 1 1 0 1 1 1 1 1 1 1 1 0 0 0 1 1 1 1 1 0 1 0 0 1 0 1
 0 1 1 0 1 1 1 1 0 1 0 0 0 1 1 1 1 1 0 0 1 0 1 1 1 0 1 1 1 1 1
 1 1 1 1 1 1 0 0 1 1 1 1 1 0 1 0 0 1 1 1 0 1 0 0 0 1 0 1 0 0 1
 1 1 1 1 1 0 1 1 1 0 1 0 1 0 1 1 1 0 1 1 1 1 1 1 0 1 1 0 1 1 1
 1 0 0 1 1 1 1 1 1 0 1 1 1 1 1 1 0 1 1 0 1 1 1 1 1 1 0 1 0 1 1
 1 1 1 1 0 1 1 0 0 0 1 1 0 1 1 0 1 1 1 0 1 1 0 1 0 1 0 1 1 0 1
 1 1 1 1 1 1 1 0 1 0 1 1 0 0 1 0 1 0 1 1 1 1 1 1 1 1 1 1 1 1 0
(4292.939) 28 : { 1 2 3 4 5 6 7 8 10 11 13 16 17 18 19 20 21 23 24 25 27 28 29 30 31 }
