32 248
 0 1 1 1 0 0 0 0 0 1 0 1 0 1 1 0 1 0 1 0 1 0 1 0 0 0 1 0 0 0 0 0
 1 0 1 0 1 0 1 1 0 0 0 1 0 1 1 0 0 1 1 1 0 0 1 0 0 1 1 1 1 0 1 1
 1 1 0 1 1 0 1 1 1 0 0 0 0 0 0 0 0 0 0 0 1 0 0 0 1 1 0 1 0 1 0 0
 1 0 1 0 1 0 0 0 1 1 0 1 1 0 0 0 1 0 0 0 0 1 0 1 0 1 1 1 1 1 1 1
 0 1 1 1 0 1 0 1 1 0 0 0 1 0 0 1 0 0 1 0 1 0 0 1 1 0 0 0 0 0 0 1
 0 0 0 0 1 0 1 1 0 0 0 1 0 0 0 0 1 1 0 0 0 0 0 1 1 0 1 1 1 1 0 0
 0 1 1 0 0 1 0 1 1 0 1 1 0 1 1 0 1 0 0 0 1 0 0 0 0 1 1 0 0 1 1 1
 0 1 1 0 1 1 1 0 1 0 1 0 0 1 1 1 0 0 1 0 1 0 0 1 1 0 1 0 0 0 1 1
 0 0 1 1 1 0 1 1 0 1 1 1 1 1 1 0 0 0 0 1 0 0 0 1 1 0 1 1 1 0 1 1
 1 0 0 1 0 0 0 0 1 0 1 0 1 0 1 1 1 0 0 0 1 0 1 1 0 1 1 0 0 0 1 1
 0 0 0 0 0 0 1 1 1 1 0 1 0 1 0 0 0 0 0 0 0 1 1 0 1 1 1 1 1 1 0 0
 1 1 0 1 0 1 1 0 1 0 1 0 1 1 0 0 1 1 0 1 0 1 0 0 1 0 0 0 0 1 1 0
 0 0 0 1 1 0 0 0 1 1 0 1 0 1 1 0 0 1 0 1 1 1 1 0 1 1 1 0 1 1 1 1
 1 1 0 0 0 0 1 1 1 0 1 1 1 0 1 1 0 1 0 0 0 0 0 0 1 1 0 0 1 1 0 1
 1 1 0 0 0 0 1 1 1 1 0 0 1 1 0 1 1 0 1 0 0 0 1 0 1 0 0 1 0 1 1 1
 0 0 0 0 1 0 0 1 0 1 0 0 0 1 1 0 1 0 0 1 0 0 0 1 0 1 0 1 0 0 0 0
 1 0 0 1 0 1 1 0 0 1 0 1 0 0 1 1 0 1 1 0 1 1 1 0 1 0 1 1 1 1 1 1
 0 1 0 0 0 1 0 0 0 0 0 1 1 1 0 0 1 0 1 0 1 0 1 0 0 0 0 0 1 1 1 1
 1 1 0 0 1 0 0 1 0 0 0 0 0 0 1 0 1 1 0 1 0 1 1 1 0 0 1 0 0 0 0 1
 0 1 0 0 0 0 0 0 1 0 0 1 1 0 0 1 0 0 1 0 1 1 0 0 1 0 1 0 0 1 0 1
 1 0 1 0 1 0 1 1 0 1 0 0 1 0 0 0 1 1 0 1 0 1 0 0 0 0 1 0 0 1 1 1
 0 0 0 1 0 0 0 0 0 0 1 1 1 0 0 0 1 0 1 1 1 0 1 1 0 0 0 0 1 0 1 0
 1 1 0 0 0 0 0 0 0 1 1 0 1 0 1 0 1 1 1 0 0 1 0 1 0 0 0 0 0 1 0 0
 0 0 0 1 1 1 0 1 1 1 0 0 0 0 0 1 0 0 1 0 0 1 1 0 1 1 1 1 1 1 0 0
 0 0 1 0 1 1 0 1 1 0 1 1 1 1 1 0 1 0 0 1 0 0 0 1 0 1 1 0 1 1 0 1
 0 1 1 1 0 0 1 0 0 1 1 0 1 1 0 1 0 0 0 0 0 0 0 1 1 0 1 0 0 1 1 0
 1 1 0 1 0 1 1 1 1 1 1 0 1 0 0 0 1 0 1 1 1 0 0 1 1 1 0 1 0 1 1 0
 0 1 1 1 0 1 0 0 1 0 1 0 0 0 1 1 1 0 0 0 0 0 0 1 0 0 1 0 1 1 1 0
 0 1 0 1 0 1 0 0 1 0 1 0 1 1 0 0 1 1 0 0 0 1 0 1 1 0 0 1 0 1 0 0
 0 0 1 1 0 1 1 0 0 0 1 1 1 1 1 0 1 1 0 1 1 0 1 1 1 1 1 1 1 0 1 1
 0 1 0 1 0 0 1 1 1 1 0 1 1 0 1 0 1 1 0 0 1 1 0 0 0 1 1 1 0 1 0 1
 0 1 0 1 1 0 1 1 1 1 0 0 1 1 1 0 1 1 1 1 1 0 0 0 1 0 0 0 0 1 1 0
(6390.127) 26 : { 1 2 3 4 6 7 9 11 13 14 15 16 17 18 19 21 22 24 25 27 30 31 32 }
