33 264
 0 1 1 0 1 0 0 1 1 0 1 0 0 0 1 1 1 0 1 0 0 0 0 0 1 0 1 1 0 1 0 0 0
 1 0 1 1 0 1 0 0 1 1 1 0 0 0 1 0 1 0 0 1 1 0 1 0 1 1 1 0 0 1 0 0 0
 1 1 0 1 1 1 1 0 1 0 0 1 0 1 1 0 1 0 0 1 1 0 1 0 1 1 1 0 1 1 0 1 0
 0 1 1 0 1 0 0 1 0 0 1 0 0 0 0 1 0 0 0 0 1 0 1 0 1 0 0 1 0 0 0 0 0
 1 0 1 1 0 1 1 0 0 1 0 0 0 1 1 0 1 0 1 1 1 1 1 1 1 1 1 1 0 0 0 1 0
 0 1 1 0 1 0 1 0 1 0 1 0 1 1 1 1 1 0 0 0 0 1 1 0 0 0 0 1 1 1 0 0 0
 0 0 1 0 1 1 0 1 1 1 0 0 1 0 1 1 1 1 0 1 0 0 0 0 1 1 1 1 0 0 0 1 0
 1 0 0 1 0 0 1 0 1 1 1 1 1 0 0 0 0 0 0 1 0 1 1 0 0 0 0 1 0 0 1 0 0
 1 1 1 0 0 1 1 1 0 1 1 0 1 0 1 0 0 0 1 1 1 0 0 1 0 0 1 0 1 0 0 0 1
 0 1 0 0 1 0 1 1 1 0 1 1 0 0 0 1 0 1 0 0 1 1 1 0 0 0 1 1 1 0 0 0 1
 1 1 0 1 0 1 0 1 1 1 0 1 0 0 1 1 0 0 1 1 1 0 1 1 0 0 1 1 1 0 1 0 0
 0 0 1 0 0 0 0 1 0 1 1 0 1 0 0 0 0 0 1 0 1 1 0 1 0 0 0 1 0 1 0 1 0
 0 0 0 0 0 1 1 1 1 0 0 1 0 1 1 1 1 0 1 0 0 0 0 0 1 0 0 0 0 1 1 0 1
 0 0 1 0 1 1 0 0 0 0 0 0 1 0 1 1 0 0 1 0 0 0 1 1 0 1 1 1 1 0 1 0 1
 1 1 1 0 1 1 1 0 1 0 1 0 1 1 0 1 0 0 0 1 1 1 0 0 0 1 1 1 1 0 1 0 0
 1 0 0 1 0 1 1 0 0 1 1 0 1 1 1 0 1 0 1 1 1 0 1 1 1 1 0 1 1 1 1 0 0
 1 1 1 0 1 1 1 0 0 0 0 0 1 0 0 1 0 1 1 1 1 1 1 0 0 1 1 0 1 0 1 0 1
 0 0 0 0 0 0 1 0 0 1 0 0 0 0 0 0 1 0 1 0 0 0 0 0 1 0 1 0 0 1 0 1 1
 1 0 0 0 1 0 0 0 1 0 1 1 1 1 0 1 1 1 0 1 0 1 0 1 0 0 0 1 1 1 0 1 0
 0 1 1 0 1 0 1 1 1 0 1 0 0 0 1 1 1 0 1 0 1 0 0 1 0 1 0 0 0 0 1 1 1
 0 1 1 1 1 0 0 0 1 1 1 1 0 0 1 1 1 0 0 1 0 1 0 0 0 1 1 1 0 0 1 1 1
 0 0 0 0 1 1 0 1 0 1 0 1 0 0 1 0 1 0 1 0 1 0 1 0 1 0 1 0 1 1 0 0 0
 0 1 1 1 1 1 0 1 0 1 1 0 0 1 0 1 1 0 0 0 0 1 0 1 1 0 1 1 0 0 0 0 1
 0 0 0 0 1 0 0 0 1 0 1 1 0 1 0 1 0 0 1 1 0 0 1 0 1 1 0 0 1 1 0 0 1
 1 1 1 1 1 0 1 0 0 0 0 0 1 0 0 1 0 1 0 0 0 1 1 1 0 1 1 0 0 1 1 1 0
 0 1 1 0 1 0 1 0 0 0 0 0 0 1 1 1 1 0 0 1 1 0 0 1 1 0 1 1 1 1 1 0 0
 1 1 1 0 1 0 1 0 1 1 1 0 0 1 1 0 1 1 0 0 1 1 1 0 1 1 0 1 0 0 1 0 0
 1 0 0 1 1 1 1 1 0 1 1 1 0 1 1 1 0 0 1 0 1 0 1 0 0 1 1 0 1 0 0 0 1
 0 0 1 0 0 1 0 0 1 1 1 0 0 1 1 1 1 0 1 0 0 1 0 1 0 1 0 1 0 1 0 0 0
 1 1 1 0 0 1 0 0 0 0 0 1 1 0 0 1 0 1 1 0 0 1 0 1 1 1 0 0 1 0 1 1 1
 0 0 0 0 0 0 0 1 0 0 1 0 1 1 1 1 1 0 0 1 1 0 0 0 1 1 1 0 0 1 0 1 0
 0 0 1 0 1 0 1 0 0 0 0 1 0 0 0 0 0 1 1 1 1 0 0 0 1 0 0 0 0 1 1 0 1
 0 0 0 0 0 0 0 0 1 1 0 0 1 1 0 0 1 1 0 1 1 0 1 1 0 0 0 1 0 1 0 1 0
(7015.158) 26 : { 3 5 6 8 9 10 11 13 14 15 16 17 19 20 21 23 24 25 26 27 28 30 32 }
