34 280
 0 1 0 0 1 0 0 0 0 0 0 0 0 1 0 0 1 1 0 0 1 0 1 1 0 1 0 0 0 0 0 1 1 1
 1 0 1 1 1 1 1 0 0 1 0 1 1 0 0 1 1 1 1 0 1 1 1 0 1 0 1 1 0 1 0 0 0 1
 0 1 0 1 0 0 1 0 0 1 0 0 1 0 1 0 1 0 0 1 0 1 0 0 0 0 0 0 1 0 0 0 1 1
 0 1 1 0 1 1 0 0 1 0 1 1 0 0 1 1 0 0 1 1 1 0 0 0 1 0 0 0 1 0 1 0 0 0
 1 1 0 1 0 1 0 1 1 0 0 0 0 1 0 0 1 1 0 0 0 0 0 1 1 1 0 0 0 0 1 0 0 0
 0 1 0 1 1 0 1 1 0 1 0 0 1 1 1 0 0 1 1 0 1 1 0 0 1 0 0 0 1 0 0 1 1 0
 0 1 1 0 0 1 0 1 1 1 1 0 0 1 1 0 0 1 0 0 0 1 0 0 1 1 0 0 0 1 0 1 0 1
 0 0 0 0 1 1 1 0 1 1 0 0 1 1 1 1 1 0 1 0 1 0 0 0 1 1 1 1 1 1 0 0 1 1
 0 0 0 1 1 0 1 1 0 1 0 0 1 0 1 0 1 1 0 1 0 1 1 1 1 0 0 0 0 1 1 0 0 0
 0 1 1 0 0 1 1 1 1 0 1 1 1 1 1 1 1 0 0 1 1 1 1 1 0 1 0 0 1 0 1 0 1 0
 0 0 0 1 0 0 1 0 0 1 0 1 0 1 0 0 0 1 0 0 1 0 0 0 0 0 0 0 0 0 0 0 0 0
 0 1 0 1 0 0 0 0 0 1 1 0 1 1 1 0 0 1 0 0 1 0 0 1 1 0 0 1 1 1 0 0 0 1
 0 1 1 0 0 1 0 1 1 1 0 1 0 1 0 0 0 0 0 1 0 1 0 1 1 0 1 1 1 1 0 0 1 0
 1 0 0 0 1 1 1 1 0 1 1 1 1 0 1 0 1 0 1 1 1 0 0 0 0 0 1 1 0 1 1 0 0 0
 0 0 1 1 0 1 1 1 1 1 0 1 0 1 0 1 0 0 1 1 1 0 1 0 1 0 1 1 0 0 1 1 0 0
 0 1 0 1 0 0 0 1 0 1 0 0 0 0 1 0 1 0 0 0 1 1 1 1 0 0 0 0 0 0 0 1 0 0
 1 1 1 0 1 0 0 1 1 1 0 0 0 1 0 1 0 1 1 0 1 0 1 0 1 1 1 1 0 0 0 0 0 1
 1 1 0 0 1 1 1 0 1 0 1 1 0 0 0 0 1 0 1 0 0 1 1 1 1 0 0 0 0 0 0 1 1 1
 0 1 0 1 0 1 0 1 0 0 0 0 0 1 1 0 1 1 0 1 1 0 0 1 1 1 0 1 0 1 1 0 1 1
 0 0 1 1 0 0 0 0 1 1 0 0 1 1 1 0 0 0 1 0 1 1 0 0 0 1 0 0 1 1 0 0 1 1
 1 1 0 1 0 1 0 1 0 1 1 1 0 1 1 1 1 0 1 1 0 1 1 0 1 0 1 1 1 0 0 0 1 0
 0 1 1 0 0 1 1 0 1 1 0 0 1 0 0 1 0 1 0 1 1 0 1 0 0 1 1 1 1 1 1 1 0 1
 1 1 0 0 0 0 0 0 1 1 0 0 0 0 1 1 1 1 0 0 1 1 0 1 1 1 1 1 1 0 0 1 1 1
 1 0 0 0 1 0 0 0 1 1 0 1 1 0 0 1 0 1 1 0 0 0 1 0 1 0 0 1 1 0 1 0 1 0
 0 1 0 1 1 1 1 1 1 0 0 1 1 0 1 0 1 1 1 0 1 0 1 1 0 1 0 0 0 0 1 1 0 1
 1 0 0 0 1 0 1 1 0 1 0 0 0 0 0 0 1 0 1 1 0 1 1 0 1 0 1 0 0 0 1 0 1 0
 0 1 0 0 0 0 0 1 0 0 0 0 1 1 1 0 1 0 0 0 1 1 1 0 0 1 0 1 1 0 1 1 0 0
 0 1 0 0 0 0 0 1 0 0 0 1 1 1 1 0 1 0 1 0 1 1 1 1 0 0 1 0 1 1 0 1 1 1
 0 0 1 1 0 1 0 1 0 1 0 1 1 0 0 0 0 0 0 1 1 1 1 1 0 0 1 1 0 1 1 0 0 0
 0 1 0 0 0 0 1 1 1 0 0 1 1 1 0 0 0 0 1 1 0 1 0 0 0 0 0 1 1 0 1 1 1 1
 0 0 0 1 1 0 0 0 1 1 0 0 0 1 1 0 0 0 1 0 0 1 0 1 1 1 1 0 1 1 0 1 1 0
 1 0 0 0 0 1 1 0 0 0 0 0 0 0 1 1 0 1 0 0 0 1 1 0 1 0 1 1 0 1 1 0 1 1
 1 0 1 0 0 1 0 1 0 1 0 0 1 0 0 0 0 1 1 1 1 0 1 1 0 1 0 1 0 1 1 1 0 1
 1 1 1 0 0 0 1 1 0 0 0 1 0 0 0 0 1 1 1 1 0 1 1 0 1 0 0 1 0 1 0 1 1 0
(21583.944) 27 : { 2 4 5 7 8 9 10 12 13 14 15 17 18 19 21 22 23 24 26 29 30 31 32 33 34 }
