35 298
 0 1 0 0 0 0 1 0 1 1 1 0 0 0 0 1 0 0 1 1 1 0 0 1 0 0 0 1 1 1 0 1 1 1 1
 1 0 1 1 1 1 1 1 0 1 1 0 0 1 1 0 1 0 0 0 1 1 1 0 0 1 0 1 0 0 1 1 0 1 0
 0 1 0 1 0 1 0 0 1 1 0 1 1 1 0 1 1 0 1 0 1 0 0 1 0 0 0 1 1 0 0 0 0 1 0
 0 1 1 0 1 1 1 1 1 0 0 1 0 1 1 0 1 0 1 0 1 0 1 0 1 1 0 0 1 1 1 1 0 1 1
 0 1 0 1 0 1 0 1 0 1 1 1 0 1 1 1 0 0 0 0 0 1 0 0 0 1 0 1 1 1 1 0 0 0 1
 0 1 1 1 1 0 1 0 1 1 1 1 1 1 0 0 0 0 1 1 0 1 0 1 0 0 1 0 1 0 0 1 0 1 0
 1 1 0 1 0 1 0 1 0 0 0 0 1 0 1 0 0 0 1 0 1 0 0 0 0 1 1 0 1 1 1 0 0 1 1
 0 1 0 1 1 0 1 0 1 0 0 0 1 1 0 0 1 1 0 0 0 0 0 1 0 1 1 1 0 1 0 0 0 0 0
 1 0 1 1 0 1 0 1 0 1 0 0 1 0 0 1 0 0 1 1 1 0 0 1 0 0 1 1 0 0 1 0 0 0 0
 1 1 1 0 1 1 0 0 1 0 1 0 0 0 1 1 0 0 0 0 0 0 1 0 1 1 0 1 0 0 0 0 0 0 1
 1 1 0 0 1 1 0 0 0 1 0 1 0 1 0 0 0 0 1 1 0 1 1 0 1 0 1 1 0 1 1 0 1 0 1
 0 0 1 1 1 1 0 0 0 0 1 0 1 0 1 1 0 1 0 0 1 0 0 0 1 1 0 1 0 1 1 0 1 0 1
 0 0 1 0 0 1 1 1 1 0 0 1 0 1 0 0 0 1 0 0 0 1 0 1 0 1 1 1 1 0 0 1 0 1 1
 0 1 1 1 1 1 0 1 0 0 1 0 1 0 1 0 0 0 1 1 1 1 1 0 1 1 1 1 0 1 0 1 0 1 1
 0 1 0 1 1 0 1 0 0 1 0 1 0 1 0 1 0 1 0 0 0 1 0 1 0 1 1 0 0 1 1 1 1 0 1
 1 0 1 0 1 0 0 0 1 1 0 1 0 0 1 0 1 0 0 1 0 0 1 1 0 1 0 1 0 1 0 1 0 0 0
 0 1 1 1 0 0 0 1 0 0 0 0 0 0 0 1 0 1 1 1 1 1 1 1 0 0 0 1 0 1 0 0 1 0 0
 0 0 0 0 0 0 0 1 0 0 0 1 1 0 1 0 1 0 1 0 0 0 1 1 0 0 0 0 1 0 1 1 0 0 0
 1 0 1 1 0 1 1 0 1 0 1 0 0 1 0 0 1 1 0 1 0 1 0 1 0 0 0 1 1 0 0 1 0 0 1
 1 0 0 0 0 1 0 0 1 0 1 0 0 1 0 1 1 0 1 0 1 1 0 0 1 0 0 0 1 1 1 0 0 1 0
 1 1 1 1 0 0 1 0 1 0 0 1 0 1 0 0 1 0 0 1 0 1 1 0 0 1 0 0 1 1 0 0 1 1 1
 0 1 0 0 1 1 0 0 0 0 1 0 1 1 1 0 1 0 1 1 1 0 1 0 1 1 1 1 1 1 0 0 1 0 0
 0 1 0 1 0 0 0 0 0 1 1 0 0 1 0 1 1 1 0 0 1 1 0 1 0 1 1 1 1 1 0 1 0 0 1
 1 0 1 0 0 1 0 1 1 0 0 0 1 0 1 1 1 1 1 0 0 0 1 0 1 0 0 0 0 0 1 0 1 1 1
 0 0 0 1 0 0 0 0 0 1 1 1 0 1 0 0 0 0 0 1 0 1 0 1 0 1 0 0 1 1 0 0 1 1 1
 0 1 0 1 1 0 1 1 0 1 0 1 1 1 1 1 0 0 0 0 1 1 1 0 1 0 1 0 0 0 0 0 1 1 1
 0 0 0 0 0 1 1 1 1 0 1 0 1 1 1 0 0 0 0 0 0 1 1 0 0 1 0 1 1 1 0 1 0 1 0
 1 1 1 0 1 0 0 1 1 1 1 1 1 1 0 1 1 0 1 0 0 1 1 0 0 0 1 0 1 0 1 1 0 0 0
 1 0 1 1 1 1 1 0 0 0 0 0 1 0 0 0 0 1 1 1 1 1 1 0 1 0 1 1 0 1 0 0 0 1 0
 1 0 0 1 1 0 1 1 0 0 1 1 0 1 1 1 1 0 0 1 1 1 1 0 1 0 1 0 1 0 1 0 0 1 0
 0 1 0 1 1 0 1 0 1 0 1 1 0 0 1 0 0 1 0 1 0 0 0 1 0 0 0 1 0 1 0 1 0 1 0
 1 1 0 1 0 1 0 0 0 0 0 0 1 1 1 1 0 1 1 0 0 0 1 0 0 0 1 1 0 0 1 0 1 0 1
 1 0 0 0 0 0 0 0 0 0 1 1 0 0 1 0 1 0 0 0 1 1 0 1 1 1 0 0 0 0 0 1 0 1 1
 1 1 1 1 0 1 1 0 0 0 0 0 1 1 0 0 0 0 0 1 1 0 0 1 1 1 1 0 1 1 1 0 1 0 1
 1 0 0 1 1 0 1 0 0 1 1 1 1 1 1 0 0 0 1 0 1 0 1 1 1 1 0 0 0 0 0 1 1 1 0 
(52011.686) 29 : { 1 2 3 4 5 6 7 9 10 11 12 14 15 17 18 20 22 23 24 26 28 29 30 32 34 35 }
