35 446
 0 1 1 1 1 0 1 0 1 1 1 1 1 1 1 1 0 1 1 0 0 0 0 1 1 1 1 1 1 1 1 1 1 1 1
 1 0 1 1 1 1 1 1 0 1 0 1 1 0 0 1 1 0 1 1 0 0 1 1 1 1 1 1 0 1 1 1 1 1 1
 1 1 0 1 1 1 1 1 0 0 1 1 1 1 1 1 1 1 0 1 0 1 1 1 1 1 1 1 1 1 0 1 1 1 1
 1 1 1 0 1 0 1 1 1 1 1 1 1 0 1 0 1 1 1 0 0 0 1 0 0 1 0 1 0 0 1 0 1 1 1
 1 1 1 1 0 1 1 0 0 0 1 1 1 1 1 0 1 1 1 1 1 1 1 1 0 1 1 1 1 1 1 0 0 0 1
 0 1 1 0 1 0 1 1 0 1 0 0 1 0 1 1 1 0 0 1 1 0 0 1 1 1 1 1 0 0 1 0 1 1 1
 1 1 1 1 1 1 0 1 1 0 0 0 1 1 0 0 1 1 0 1 1 1 0 1 1 1 0 1 1 1 0 0 1 1 1
 0 1 1 1 0 1 1 0 1 1 1 1 1 1 0 1 1 1 1 1 0 1 0 1 1 1 0 1 1 0 1 1 1 1 0
 1 0 0 1 0 0 1 1 0 1 1 1 1 1 1 0 0 0 1 1 1 1 1 1 1 0 0 1 1 1 1 0 1 1 0
 1 1 0 1 0 1 0 1 1 0 1 1 1 1 1 1 1 1 1 1 1 1 1 0 0 1 1 1 1 1 0 0 1 1 1
 1 0 1 1 1 0 0 1 1 1 0 1 0 1 1 0 1 0 1 1 1 1 0 1 1 0 0 1 1 1 1 0 1 0 1
 1 1 1 1 1 0 0 1 1 1 1 0 1 1 1 0 1 0 0 1 0 0 1 1 1 1 1 1 0 0 1 1 1 1 1
 1 1 1 1 1 1 1 1 1 1 0 1 0 1 1 1 1 1 1 0 1 1 1 1 0 1 1 1 1 1 1 1 0 0 1
 1 0 1 0 1 0 1 1 1 1 1 1 1 0 1 1 1 1 1 0 0 0 1 1 0 1 1 1 1 1 1 1 1 0 1
 1 0 1 1 1 1 0 0 1 1 1 1 1 1 0 1 1 1 1 1 0 1 1 1 0 0 1 0 1 1 1 1 1 1 1
 1 1 1 0 0 1 0 1 0 1 0 0 1 1 1 0 1 1 1 1 1 1 1 1 1 0 0 1 0 1 1 1 0 1 0
 0 1 1 1 1 1 1 1 0 1 1 1 1 1 1 1 0 1 0 1 1 0 1 1 1 1 1 1 1 1 1 0 1 1 0
 1 0 1 1 1 0 1 1 0 1 0 0 1 1 1 1 1 0 1 0 0 1 1 1 1 0 0 1 1 1 1 0 0 1 1
 1 1 0 1 1 0 0 1 1 1 1 0 1 1 1 1 0 1 0 1 0 1 1 0 0 1 0 1 1 1 1 1 1 1 0
 0 1 1 0 1 1 1 1 1 1 1 1 0 0 1 1 1 0 1 0 1 1 1 1 1 0 1 0 1 1 1 0 0 0 1
 0 0 0 0 1 1 1 0 1 1 1 0 1 0 0 1 1 0 0 1 0 1 1 0 1 1 1 1 1 1 1 1 1 1 0
 0 0 1 0 1 0 1 1 1 1 1 0 1 0 1 1 0 1 1 1 1 0 1 1 1 1 1 1 1 1 0 1 1 1 1
 0 1 1 1 1 0 0 0 1 1 0 1 1 1 1 1 1 1 1 1 1 1 0 1 1 0 0 1 1 1 1 1 1 1 1
 1 1 1 0 1 1 1 1 1 0 1 1 1 1 1 1 1 1 0 1 0 1 1 0 1 0 1 0 0 1 1 1 1 1 1
 1 1 1 0 0 1 1 1 1 0 1 1 0 0 0 1 1 1 0 1 1 1 1 1 0 1 1 1 0 0 1 1 1 1 1
 1 1 1 1 1 1 1 1 0 1 0 1 1 1 0 0 1 0 1 0 1 1 0 0 1 0 1 1 1 1 1 1 1 1 1
 1 1 1 0 1 1 0 0 0 1 0 1 1 1 1 0 1 0 0 1 1 1 0 1 1 1 0 1 0 1 0 1 1 1 0
 1 1 1 1 1 1 1 1 1 1 1 1 1 1 0 1 1 1 1 0 1 1 1 0 1 1 1 0 1 1 1 1 1 1 1
 1 0 1 0 1 0 1 1 1 1 1 0 1 1 1 0 1 1 1 1 1 1 1 0 0 1 0 1 0 1 0 0 1 0 1
 1 1 1 0 1 0 1 0 1 1 1 0 1 1 1 1 1 1 1 1 1 1 1 1 0 1 1 1 1 0 1 0 1 1 1
 1 1 0 1 1 1 0 1 1 0 1 1 1 1 1 1 1 1 1 1 1 0 1 1 1 1 0 1 0 1 0 1 1 1 0
 1 1 1 0 0 0 0 1 0 0 0 1 1 1 1 1 0 0 1 0 1 1 1 1 1 1 1 1 0 0 1 0 1 1 0
 1 1 1 1 0 1 1 1 1 1 1 1 0 1 1 0 1 0 1 0 1 1 1 1 1 1 1 1 1 1 1 1 0 1 1
 1 1 1 1 0 1 1 1 1 1 0 1 0 0 1 1 1 1 1 0 1 1 1 1 1 1 1 1 0 1 1 1 1 0 1
 1 1 1 1 1 1 1 0 0 1 1 1 1 1 1 0 0 1 0 1 0 1 1 1 1 1 0 1 1 1 0 0 1 1 0
(77678.434) 31 : { 1 2 3 5 7 8 10 12 13 14 15 17 18 19 20 21 22 23 24 25 26 28 30 31 33 34 35 }
