100 3465
 0 1 1 1 0 0 1 1 1 1 1 1 0 0 0 1 1 1 1 0 1 1 0 1 1 1 1 1 1 1 1 1 1 0 1 0 1 1 0 1 1 1 1 0 1 0 0 0 1 0 1 1 1 1 0 1 0 1 1 1 1 0 1 1 1 1 0 1 1 1 0 1 1 0 1 0 1 1 0 1 1 0 1 1 0 0 1 0 0 1 1 1 1 1 0 0 1 1 1 1
 1 0 1 1 0 0 0 1 0 0 1 1 1 1 1 1 0 1 1 0 1 1 1 1 1 1 1 1 1 1 0 0 1 1 1 1 1 1 1 1 1 1 1 1 1 1 0 0 1 1 1 1 1 1 0 1 1 1 1 0 1 1 1 1 0 0 1 0 1 1 1 1 0 1 1 1 1 1 0 1 1 1 1 1 1 0 1 1 1 1 1 1 1 1 0 0 1 1 1 1
 1 1 0 1 1 1 0 1 1 1 0 0 0 1 1 1 1 1 1 0 0 1 0 1 0 1 1 1 1 0 1 0 1 1 1 1 0 1 1 1 1 1 1 1 1 1 0 0 1 1 1 0 0 1 1 0 1 1 1 1 1 1 1 1 0 1 1 1 1 1 0 1 1 0 0 0 1 1 1 0 1 1 1 0 1 1 0 1 1 1 0 1 1 0 0 0 1 0 0 1
 1 1 1 0 1 1 1 1 1 1 1 0 1 1 0 1 0 1 1 1 1 1 1 0 1 0 1 1 1 1 1 1 0 0 0 1 1 1 0 1 0 0 1 1 0 1 1 0 1 0 0 1 0 1 0 0 1 1 0 1 0 1 0 1 0 1 0 0 0 0 0 1 1 1 1 1 1 1 1 0 1 1 1 1 1 1 1 0 1 0 1 0 1 1 1 1 1 1 1 1
 0 0 1 1 0 1 0 1 0 1 1 1 1 1 0 1 0 1 1 0 0 1 1 0 1 1 1 1 0 1 0 1 0 1 1 0 0 1 0 1 0 1 1 1 0 1 1 0 1 1 1 1 0 0 1 0 1 0 0 1 1 1 1 1 1 1 0 1 1 1 1 1 1 1 1 1 1 1 1 1 0 1 1 1 1 1 1 0 1 0 1 1 1 1 1 0 1 1 0 1
 0 0 1 1 1 0 1 1 0 1 0 0 1 1 1 0 0 0 0 0 0 1 1 1 1 1 1 1 1 1 1 0 1 0 1 1 1 1 0 1 1 1 1 0 1 1 0 1 1 0 1 0 1 1 0 1 0 1 1 0 0 1 1 1 0 1 0 0 0 0 1 1 0 1 0 1 1 1 1 1 1 1 0 1 1 0 0 1 1 1 1 1 1 1 1 1 0 1 1 1
 1 0 0 1 0 1 0 1 0 0 0 1 1 0 1 1 1 1 0 1 0 1 0 1 1 0 1 0 0 0 1 0 1 1 1 0 1 1 0 1 1 1 1 1 1 1 1 1 0 1 0 0 1 1 0 1 1 0 1 1 1 0 0 1 1 1 1 1 1 0 0 0 1 1 0 1 1 0 0 0 1 1 1 0 0 1 1 1 1 1 1 0 0 0 1 1 0 0 1 0
 1 1 1 1 1 1 1 0 1 1 1 1 1 1 1 1 1 1 0 1 0 1 0 1 0 1 0 1 1 1 0 1 1 1 1 1 0 1 1 0 0 1 1 1 1 0 1 0 1 0 1 0 1 0 0 0 0 0 1 1 0 1 1 1 0 1 1 0 1 1 1 1 1 0 1 0 0 1 1 0 0 1 1 1 1 1 1 1 1 1 1 1 1 1 1 1 1 1 1 0
 1 0 1 1 0 0 0 1 0 1 0 0 0 1 0 1 0 0 1 0 1 1 1 0 0 1 0 0 1 0 1 1 1 1 1 1 1 0 0 1 1 1 1 1 0 0 0 1 1 1 1 1 0 1 1 0 1 1 1 0 1 1 1 1 1 1 0 1 1 1 1 1 1 1 1 0 1 1 1 1 0 0 1 1 1 0 0 1 0 1 1 0 1 1 1 0 0 1 0 1
 1 0 1 1 1 1 0 1 1 0 1 1 1 0 1 0 1 0 1 1 1 1 1 1 1 0 1 1 1 0 1 1 1 1 0 0 0 1 0 0 1 0 1 1 1 1 1 1 1 1 0 1 1 1 0 1 1 1 1 0 1 1 1 0 1 1 1 1 1 1 1 1 1 1 0 1 1 0 1 1 1 1 1 0 0 1 0 0 1 1 1 1 1 1 1 1 1 1 0 1
 1 1 0 1 1 0 0 1 0 1 0 1 0 1 0 0 1 0 0 1 0 1 1 1 0 0 1 0 1 1 0 1 1 1 0 0 1 1 1 1 0 1 1 1 1 1 1 1 1 1 0 1 1 1 1 1 1 0 0 1 0 1 1 0 1 1 1 1 1 1 1 1 1 1 0 0 0 1 1 0 1 0 1 0 1 0 0 1 0 1 1 0 1 0 0 1 0 0 1 0
 1 1 0 0 1 0 1 1 0 1 1 0 1 0 0 1 1 0 1 0 1 0 1 0 1 1 1 1 1 0 1 0 1 1 1 0 1 1 1 1 1 1 1 1 0 1 1 0 0 1 1 0 0 0 1 1 1 0 1 1 0 1 0 1 1 1 0 1 1 1 1 1 0 1 1 1 1 1 1 1 0 0 1 0 0 1 0 1 0 1 1 0 0 1 0 0 1 0 0 0
 0 1 0 1 1 1 1 1 0 1 0 1 0 1 1 0 0 0 1 1 1 0 1 1 0 1 1 1 0 0 0 0 1 1 1 0 0 1 1 0 1 1 1 1 1 1 0 1 0 1 1 0 0 1 0 1 1 1 1 1 1 1 1 1 1 1 1 0 1 1 1 1 1 1 1 1 1 1 1 1 1 1 0 1 0 1 1 1 0 1 1 1 1 0 1 0 1 1 1 0
 0 1 1 1 1 1 0 1 1 0 1 0 1 0 1 1 0 1 1 1 1 1 1 1 1 1 1 1 1 1 1 1 1 1 1 0 1 0 1 1 1 0 1 1 1 1 0 0 1 1 1 1 0 1 1 1 1 1 0 1 1 0 1 1 1 0 1 1 0 1 1 1 1 1 1 1 1 0 0 1 1 1 1 1 0 0 0 1 1 1 1 1 1 0 0 0 0 0 0 1
 0 1 1 0 0 1 1 1 0 1 0 0 1 1 0 1 1 1 1 1 1 1 0 1 1 1 0 1 1 0 1 1 0 1 0 1 1 1 1 1 1 1 1 1 0 1 0 0 0 1 1 1 1 0 1 0 1 1 1 1 1 1 1 1 0 1 1 1 1 1 1 0 1 1 1 0 1 1 1 0 1 1 1 1 1 1 1 1 0 0 1 1 1 1 1 1 1 0 1 1
 1 1 1 1 1 0 1 1 1 0 0 1 0 1 1 0 1 1 1 1 0 1 1 1 1 1 1 0 0 1 1 0 1 1 1 1 0 0 1 0 1 0 1 1 1 1 0 1 1 1 1 1 1 1 1 1 1 1 1 1 1 0 0 1 1 0 1 1 1 0 1 0 0 0 0 1 0 1 0 0 1 0 1 1 0 0 1 0 1 1 1 1 1 1 1 1 1 0 1 1
 1 0 1 0 0 0 1 1 0 1 1 1 0 0 1 1 0 1 0 1 1 0 1 1 1 0 1 1 1 0 1 1 1 0 1 1 1 1 1 0 1 0 1 1 0 0 1 0 1 1 1 0 0 1 1 0 1 1 0 1 1 0 1 1 1 1 1 0 0 1 1 0 1 0 1 0 0 1 1 1 1 1 0 1 0 1 0 1 1 1 1 1 1 1 1 1 1 0 1 1
 1 1 1 1 1 0 1 1 0 0 0 0 0 1 1 1 1 0 1 1 1 0 0 0 0 1 1 1 0 0 1 0 1 1 0 1 0 0 1 1 1 1 1 1 1 0 1 1 0 0 1 1 0 0 1 1 0 1 0 1 0 0 1 0 0 1 0 0 1 0 0 0 1 1 1 1 0 0 1 0 0 0 1 1 0 0 1 0 0 0 1 1 0 1 1 0 1 1 0 1
 1 1 1 1 1 0 0 0 1 1 0 1 1 1 1 1 0 1 0 1 1 1 0 1 0 1 0 1 0 1 1 1 0 1 1 1 0 1 1 1 1 1 1 1 1 1 0 1 1 0 1 1 1 1 1 1 1 1 1 0 1 1 1 1 0 1 1 1 1 1 1 1 1 1 1 1 1 0 1 1 1 0 1 1 0 1 1 1 1 1 1 1 1 1 1 1 1 0 0 1
 0 0 0 1 0 0 1 1 0 1 1 0 1 1 1 1 1 1 1 0 1 1 0 1 1 1 1 1 1 1 0 0 1 1 1 1 0 1 1 1 1 1 0 0 1 1 0 1 0 0 0 1 1 1 1 1 0 0 1 1 0 1 1 1 1 1 1 0 1 1 1 1 1 1 1 1 1 1 1 1 1 1 1 0 0 0 1 1 1 1 1 0 0 1 1 1 1 1 1 1
 1 1 0 1 0 0 0 0 1 1 0 1 1 1 1 0 1 1 1 1 0 1 0 0 1 0 1 1 0 1 0 1 1 1 1 1 1 0 1 1 1 0 0 1 0 1 0 1 1 1 1 0 1 1 1 0 0 1 0 1 0 1 1 1 1 0 1 0 1 1 0 1 1 1 0 1 1 1 1 0 0 1 1 1 0 1 0 1 1 0 0 0 1 1 1 0 0 0 1 1
 1 1 1 1 1 1 1 1 1 1 1 0 0 1 1 1 0 0 1 1 1 0 1 1 1 0 1 1 1 1 1 1 0 1 1 1 0 1 1 1 0 1 0 0 1 0 1 1 1 1 0 0 1 1 0 0 0 0 1 0 1 1 1 1 1 0 1 1 1 1 1 1 1 1 1 1 1 1 1 1 1 1 0 1 1 0 0 0 0 1 1 1 1 0 1 1 1 1 0 1
 0 1 0 1 1 1 0 0 1 1 1 1 1 1 0 1 1 0 0 0 0 1 0 1 1 0 1 1 0 1 1 1 0 1 1 1 1 0 0 0 0 1 1 1 1 1 0 1 0 0 1 0 0 0 0 0 0 1 0 0 0 1 1 0 1 1 1 1 0 1 1 0 0 0 1 1 0 1 1 1 1 1 1 1 1 0 0 0 1 1 1 1 1 1 1 1 1 0 0 1
 1 1 1 0 0 1 1 1 0 1 1 0 1 1 1 1 1 0 1 1 0 1 1 0 1 1 0 1 1 0 1 0 0 1 1 0 0 0 1 1 1 1 1 1 0 1 0 1 1 1 1 1 0 0 0 1 0 1 0 1 1 0 1 1 0 1 1 1 0 1 1 1 1 1 0 0 0 1 1 1 0 1 1 0 0 1 1 1 0 1 1 0 0 1 1 0 1 1 1 1
 1 1 0 1 1 1 1 0 0 1 0 1 0 1 1 1 1 0 0 1 1 1 1 1 0 1 0 1 1 1 1 0 1 1 1 0 0 1 0 1 1 1 0 1 1 1 0 1 1 0 1 1 0 0 1 1 1 1 1 0 0 1 0 1 1 0 1 0 1 1 0 1 1 1 1 1 1 0 1 1 1 1 0 0 1 0 0 1 0 1 1 0 1 1 1 1 1 1 0 0
 1 1 1 0 1 1 0 1 1 0 0 1 1 1 1 1 0 1 1 1 0 0 0 1 1 0 1 1 1 1 1 1 0 1 1 0 1 1 1 1 0 1 0 1 0 0 1 1 1 1 1 1 1 1 1 1 0 1 1 1 0 1 1 1 0 1 0 0 1 0 1 1 1 0 1 0 1 1 0 0 1 1 1 1 0 0 1 1 0 1 0 0 0 1 1 0 0 1 1 0
 1 1 1 1 1 1 1 0 0 1 1 1 1 1 0 1 1 1 0 1 1 1 1 0 0 1 0 1 0 0 1 0 0 1 1 1 1 1 1 1 0 0 0 1 1 1 1 1 1 0 0 1 0 1 1 1 1 0 1 1 1 0 1 1 0 0 1 1 0 1 1 1 0 0 1 1 1 1 1 1 1 1 1 0 0 0 1 1 0 0 1 1 1 0 1 1 1 1 1 1
 1 1 1 1 1 1 0 1 0 1 0 1 1 1 1 0 1 1 1 1 1 1 1 1 1 1 1 0 1 1 1 0 1 1 1 1 0 0 1 1 0 0 1 1 1 0 1 1 0 0 1 0 1 0 0 1 1 1 1 1 1 1 1 1 0 0 0 1 0 0 0 1 1 1 1 1 1 1 1 0 1 0 1 0 0 1 1 0 1 0 1 1 1 1 1 1 1 0 0 1
 1 1 1 1 0 1 0 1 1 1 1 1 0 1 1 0 1 0 0 1 0 1 0 1 1 1 0 1 0 1 1 0 0 0 1 1 1 0 1 0 1 1 0 1 1 0 0 1 0 0 0 1 1 1 1 1 1 1 1 1 1 1 1 1 0 1 0 1 1 0 0 0 1 0 1 1 1 1 1 1 1 0 0 1 1 1 0 1 0 1 1 0 1 0 1 1 1 0 1 1
 1 1 0 1 1 1 0 1 0 0 1 0 0 1 0 1 0 0 1 1 1 1 1 0 1 1 0 1 1 0 1 1 1 1 0 1 0 0 1 0 1 1 1 1 1 1 0 1 1 0 1 1 1 1 1 1 0 1 1 1 0 1 0 0 1 1 0 1 1 0 1 0 0 1 0 1 0 1 1 1 0 0 1 1 1 1 1 1 1 0 0 1 1 1 1 1 1 1 1 0
 1 0 1 1 0 1 1 0 1 1 0 1 0 1 1 1 1 1 1 0 0 1 1 1 1 1 1 1 1 1 0 1 1 1 0 0 0 0 0 1 0 1 1 1 1 0 0 1 1 0 1 1 1 0 0 0 1 1 1 1 1 1 1 1 1 1 0 1 1 0 1 0 1 1 1 1 1 1 1 1 1 0 1 1 1 1 1 0 1 1 1 1 0 0 1 1 0 1 1 1
 1 0 0 1 1 0 0 1 1 1 1 0 0 1 1 0 1 0 1 0 1 1 1 0 0 1 0 0 0 1 1 0 1 1 1 1 1 1 1 1 0 1 0 1 1 0 0 0 1 1 1 0 0 1 0 0 1 1 1 1 1 0 1 1 1 1 1 1 0 1 1 1 0 0 1 1 0 1 1 1 1 0 1 1 0 1 1 1 0 1 1 1 0 0 1 1 1 1 1 1
 1 1 1 0 0 1 1 1 1 1 1 1 1 1 0 1 1 1 0 1 1 0 0 0 1 0 0 1 0 1 1 1 0 1 0 1 1 1 0 0 1 1 0 0 0 1 1 1 0 1 1 1 0 1 1 1 0 1 1 0 0 0 1 1 1 0 0 1 0 1 1 0 0 1 0 0 0 0 1 1 1 0 1 1 1 1 0 1 1 1 1 0 1 1 1 1 0 1 1 1
 0 1 1 0 1 0 1 1 1 1 1 1 1 1 1 1 0 1 1 1 1 1 1 1 1 1 1 1 0 1 1 1 1 0 1 1 1 1 1 1 1 1 0 0 1 1 0 1 1 0 1 1 0 0 0 0 1 1 1 0 1 0 1 0 1 0 1 1 1 1 1 1 1 1 0 1 0 0 0 1 1 1 1 1 1 1 1 0 1 1 0 0 1 1 1 1 1 1 1 0
 1 1 1 0 1 1 1 1 1 0 0 1 1 1 0 1 1 0 1 1 1 1 1 1 1 1 1 1 1 0 0 1 0 1 0 1 0 0 1 1 1 1 1 0 0 1 1 1 1 0 1 1 1 1 0 1 1 1 1 0 1 1 0 1 0 1 1 1 1 1 1 1 1 1 1 0 1 1 0 0 1 1 1 1 1 1 1 0 0 1 0 1 1 0 0 0 1 0 1 0
 0 1 1 1 0 1 0 1 1 0 0 0 0 0 1 1 1 1 1 1 1 1 1 0 0 0 1 1 1 1 0 1 1 1 1 0 1 1 1 1 1 1 0 1 1 1 1 0 1 0 1 0 1 0 1 1 0 0 0 1 0 1 0 0 1 1 1 1 1 1 0 1 1 1 1 0 1 1 1 0 1 1 1 1 1 1 1 1 1 1 1 1 0 1 1 0 0 1 1 1
 1 1 0 1 0 1 1 0 1 0 1 1 0 1 1 0 1 0 0 0 1 0 1 0 0 1 1 0 1 0 0 1 1 1 0 1 0 1 0 0 1 0 1 1 1 1 1 1 1 1 1 0 1 1 1 1 1 0 0 1 1 1 1 1 0 0 0 1 0 1 1 1 0 1 1 1 1 1 1 1 0 1 1 1 1 1 1 1 1 1 0 1 0 0 1 1 1 1 1 0
 1 1 1 1 1 1 1 1 0 1 1 1 1 0 1 0 1 0 1 1 0 1 0 0 1 1 1 0 0 0 0 1 1 1 0 1 1 0 1 1 0 1 1 1 1 0 1 1 1 0 0 1 1 1 1 1 1 1 0 1 1 1 0 1 1 1 1 1 1 1 0 0 0 1 0 1 1 0 0 0 1 1 0 0 0 0 1 1 1 1 1 1 0 0 1 1 1 1 1 1
 0 1 1 0 0 0 0 1 0 0 1 1 1 1 1 1 1 1 1 1 1 1 0 1 0 1 1 1 1 1 0 1 0 1 1 1 0 1 0 1 1 1 1 1 0 0 0 0 1 1 1 1 0 0 1 1 1 0 1 0 1 1 0 0 1 0 1 1 1 1 0 1 1 0 0 1 1 0 1 0 0 1 1 0 1 1 1 0 0 1 0 1 1 1 1 1 1 1 0 1
 1 1 1 1 1 1 1 0 1 0 1 1 0 1 1 0 0 1 1 1 1 1 0 1 1 1 1 1 0 0 1 1 0 1 1 1 0 1 1 0 1 1 0 1 0 1 1 1 0 1 0 0 1 1 1 1 1 1 1 0 0 0 1 0 0 0 1 1 0 1 1 1 1 1 0 0 1 1 1 0 1 1 1 1 0 1 1 1 1 0 1 1 0 1 1 0 1 1 1 1
 1 1 1 0 0 1 1 0 1 1 0 1 1 1 1 1 1 1 1 1 1 0 0 1 1 0 0 0 1 1 0 0 1 1 1 1 1 0 1 1 0 1 0 1 0 1 0 0 1 1 0 0 1 1 1 1 1 1 1 0 0 0 1 1 1 0 1 1 1 1 1 1 1 0 1 1 1 1 1 0 1 1 1 1 1 0 1 0 1 1 0 1 1 1 0 1 1 1 0 0
 1 1 1 0 1 1 1 1 1 0 1 1 1 0 1 0 0 1 1 1 0 1 1 1 1 1 0 0 1 1 1 1 1 1 1 1 0 1 1 1 1 0 1 1 1 1 1 1 1 1 0 1 1 1 0 0 1 1 1 0 1 0 1 0 1 1 0 0 0 1 1 1 0 1 1 1 1 1 1 1 1 1 0 1 0 1 1 1 1 1 1 1 1 1 0 1 1 1 1 0
 1 1 1 1 1 1 1 1 1 1 1 1 1 1 1 1 1 1 1 0 0 0 1 1 0 0 0 1 0 1 1 0 0 0 1 0 1 1 1 0 0 1 0 1 1 1 1 1 0 1 1 1 1 1 0 1 1 1 0 1 0 1 0 1 1 1 1 0 1 0 1 1 1 1 1 1 1 1 1 1 1 1 1 0 1 1 1 1 1 1 1 1 1 0 1 0 1 1 1 1
 0 1 1 1 1 0 1 1 1 1 1 1 1 1 1 1 1 1 1 0 1 0 1 1 1 1 1 1 1 1 1 1 0 0 0 1 1 1 1 1 1 1 1 0 1 1 1 1 1 1 1 1 1 0 0 1 1 0 1 0 0 0 1 1 1 1 1 1 0 0 1 1 1 1 1 1 1 0 1 1 1 0 0 1 1 1 1 1 0 0 1 1 1 1 1 1 1 1 0 1
 1 1 1 0 0 1 1 1 0 1 1 0 1 1 0 1 0 1 1 1 0 1 1 0 1 0 1 1 1 1 1 1 0 1 0 1 1 1 0 0 0 1 1 1 0 1 0 1 1 1 0 1 0 1 1 1 0 1 1 1 1 0 0 1 1 1 0 1 1 0 1 0 0 0 1 1 1 0 1 1 1 0 0 0 1 0 0 1 1 1 0 1 1 1 0 0 1 0 1 0
 0 1 1 1 1 1 1 0 0 1 1 1 1 1 1 1 0 0 1 1 1 0 1 1 1 0 1 0 0 1 0 0 1 1 1 1 1 0 0 1 1 1 1 1 1 0 1 1 1 0 1 0 1 1 1 0 1 1 0 1 1 1 1 1 1 1 0 0 1 0 1 0 1 1 1 1 0 1 1 1 1 1 0 0 0 1 1 1 0 0 0 0 1 1 1 1 1 1 1 1
 0 0 0 1 1 0 1 1 0 1 1 1 0 0 0 0 1 1 0 0 0 1 0 0 0 1 1 1 0 0 0 0 1 0 1 1 1 1 0 1 0 1 1 1 0 1 0 1 1 0 0 1 1 0 0 1 1 1 0 1 1 1 0 1 1 1 1 1 0 0 1 1 0 1 1 1 0 1 1 1 1 0 1 1 1 1 0 1 1 1 1 1 1 1 1 1 0 1 0 1
 0 0 0 0 0 1 1 0 1 1 1 0 1 0 0 1 0 1 1 1 1 1 1 1 1 1 1 1 1 1 1 0 1 1 1 0 1 1 0 1 0 1 1 1 1 1 1 0 1 1 1 1 0 1 1 1 1 0 1 1 0 1 1 0 0 0 1 1 1 0 1 0 1 0 0 0 1 1 1 1 1 1 1 1 1 1 1 1 1 1 1 1 1 0 1 1 0 1 0 0
 1 1 1 1 1 1 0 1 1 1 1 0 0 1 0 1 1 0 1 0 1 1 0 1 1 1 1 0 0 1 1 1 0 1 1 1 1 1 1 0 1 1 0 1 1 1 1 1 0 1 1 1 1 1 1 1 1 0 1 0 1 1 1 1 0 1 1 1 1 1 1 1 0 0 0 1 1 0 1 1 1 1 1 1 1 1 1 0 1 0 0 1 1 1 1 1 0 1 1 1
 0 1 1 0 1 0 1 0 1 1 1 1 1 1 1 1 1 0 0 0 1 1 0 1 0 1 0 0 0 0 0 1 1 0 0 0 1 0 1 1 1 1 1 1 1 0 0 1 1 0 1 1 1 1 0 1 0 1 0 1 0 1 0 0 1 1 0 1 1 0 1 0 0 1 1 1 0 0 0 0 1 1 1 1 1 1 1 1 1 0 1 1 1 1 1 1 0 0 1 1
 1 1 1 0 1 1 0 1 1 0 0 1 1 1 1 1 1 1 1 0 1 0 1 1 1 1 0 1 0 1 1 1 1 1 1 1 1 0 1 0 0 0 1 1 0 1 0 1 1 1 0 1 1 0 0 1 1 0 0 1 1 1 0 0 0 0 1 0 1 1 0 1 1 1 1 1 1 1 1 1 1 0 0 1 1 1 1 1 0 0 0 0 0 0 1 1 1 1 0 0
 1 1 0 1 1 0 0 0 1 1 1 0 0 1 1 1 0 1 1 1 0 0 0 1 1 1 1 0 1 1 1 0 1 1 1 0 0 1 1 0 0 1 1 1 1 0 1 1 1 1 1 0 1 1 1 1 1 1 1 0 0 1 0 1 1 1 1 0 1 1 1 1 1 1 0 0 0 1 1 1 1 0 1 1 0 1 1 0 0 1 0 1 1 0 1 1 1 1 1 0
 1 1 0 0 0 1 1 1 0 1 1 0 0 0 1 1 0 0 1 1 1 1 0 0 0 1 0 1 1 1 1 0 0 0 1 1 1 1 0 1 1 1 1 1 0 1 1 0 1 1 1 1 0 1 0 1 1 0 1 1 0 1 0 0 0 0 1 1 0 1 1 1 0 1 1 1 0 1 0 0 1 1 1 1 1 0 0 1 0 1 1 1 1 1 1 1 1 0 1 1
 1 1 1 1 0 1 1 0 1 1 1 0 1 1 0 1 1 0 1 1 1 1 0 0 0 1 1 0 1 1 0 1 1 0 1 0 1 1 0 1 1 1 1 0 1 1 0 1 1 1 0 1 1 0 1 1 0 1 1 1 0 0 1 0 0 0 1 1 1 0 1 1 1 1 0 1 0 1 1 0 1 1 1 1 1 1 1 1 1 1 0 1 1 1 1 1 1 1 1 1
 0 0 1 0 1 0 0 0 1 0 1 1 0 1 1 1 1 1 1 1 1 0 0 0 1 1 1 0 1 1 0 0 1 0 0 1 1 1 1 1 1 0 0 0 1 1 0 1 1 0 0 1 0 1 0 1 1 1 1 1 1 0 1 1 1 1 1 0 1 1 1 1 1 1 1 0 1 1 0 1 1 1 1 1 1 0 1 1 1 1 1 1 1 0 1 1 0 0 0 1
 1 1 0 0 0 1 1 0 0 1 1 1 1 1 0 1 0 1 1 1 0 0 0 1 1 1 1 1 1 1 0 0 1 0 1 1 1 1 1 1 1 0 1 1 1 0 1 1 1 1 1 1 1 1 1 0 1 1 1 1 1 0 1 1 0 1 1 0 0 0 0 1 1 1 0 1 1 1 1 0 0 1 0 1 1 1 0 1 1 1 1 0 1 1 1 1 1 1 0 1
 0 1 1 1 1 0 1 0 1 1 1 1 1 1 1 1 1 0 1 0 0 0 0 0 1 0 1 1 1 0 1 1 0 1 1 0 1 1 1 1 1 1 1 1 0 1 1 1 1 0 1 1 1 0 1 1 0 1 1 0 1 0 1 1 1 1 1 1 1 1 0 1 1 0 0 1 1 1 1 1 0 0 1 1 0 1 1 1 1 1 1 0 1 0 1 1 0 1 1 1
 1 1 1 1 0 1 0 0 1 1 0 0 1 1 1 1 1 1 1 0 1 0 1 1 1 1 0 1 1 1 1 1 1 1 1 0 0 1 0 1 1 1 1 0 1 1 1 0 0 1 0 1 0 1 1 1 1 0 1 0 0 1 1 1 0 1 1 1 0 1 1 1 1 0 0 1 0 1 0 1 0 1 1 1 1 1 1 1 1 0 0 1 1 1 0 1 1 0 1 1
 1 1 1 0 0 1 1 1 1 1 0 1 1 0 1 1 0 0 1 1 0 1 0 0 1 1 1 1 1 1 1 1 1 1 1 0 0 0 1 1 1 1 0 1 1 0 0 1 1 0 0 1 1 1 1 1 1 1 0 1 1 1 1 1 1 1 1 1 1 1 0 1 1 1 1 1 1 0 1 1 1 0 1 0 1 1 0 0 0 0 1 1 1 0 1 1 1 1 1 0
 1 0 1 1 1 0 1 1 0 0 1 1 1 1 1 1 1 1 0 1 1 0 0 1 0 1 1 1 1 1 1 1 0 0 0 1 1 1 0 0 0 0 1 0 1 1 1 1 0 1 1 0 1 1 1 1 0 0 1 0 1 1 1 1 1 0 1 0 0 0 0 1 0 1 1 0 1 1 1 0 0 0 1 1 1 1 1 1 0 1 1 1 1 1 1 1 1 1 1 0
 1 1 1 0 1 0 1 0 1 1 0 0 1 1 1 1 1 0 1 0 0 1 0 1 0 0 1 1 1 0 1 1 0 1 1 0 1 1 1 0 0 1 0 0 1 1 1 0 1 0 1 0 0 0 1 1 1 0 1 1 0 1 0 1 1 1 0 1 0 1 0 1 1 1 1 0 1 1 1 1 1 0 1 1 1 0 1 1 1 0 1 1 1 1 0 1 0 0 0 1
 0 1 1 1 1 1 0 1 1 1 1 1 1 0 1 0 0 0 1 1 1 1 1 0 1 1 0 1 1 1 1 0 0 0 1 1 1 1 1 0 0 0 1 0 0 1 1 1 1 1 1 1 1 0 0 0 0 1 1 1 1 0 1 1 1 0 0 1 0 1 1 1 1 1 1 1 0 1 0 1 1 1 0 0 1 0 0 0 1 0 1 1 0 1 1 0 0 1 0 1
 1 1 1 0 1 1 0 1 1 1 1 0 1 1 1 0 1 1 1 1 1 1 1 1 0 1 1 1 1 0 1 1 1 1 0 0 1 0 0 1 1 1 0 1 0 1 0 1 1 0 0 0 0 1 1 1 1 1 1 1 0 1 0 1 1 1 1 0 1 1 1 1 0 1 1 1 0 1 1 0 0 0 1 1 1 1 0 1 1 1 1 1 0 0 1 1 1 1 1 1
 1 1 1 1 1 1 1 1 1 0 0 1 1 1 1 1 1 0 1 1 1 1 0 1 1 1 1 1 1 0 1 1 1 0 1 0 1 1 0 0 1 0 1 1 1 1 1 0 1 0 0 1 0 0 1 1 1 1 1 1 1 1 1 0 1 1 1 0 1 0 1 1 1 1 0 1 1 1 0 0 1 1 1 0 1 1 1 0 1 1 1 0 0 1 1 1 0 1 0 0
 1 0 0 0 1 0 1 0 1 1 1 1 1 1 0 1 1 0 0 1 1 1 1 0 1 0 0 0 0 1 1 1 1 1 0 1 0 1 1 0 1 1 1 1 1 1 1 0 0 1 0 1 0 0 1 0 1 0 1 1 1 1 1 1 0 1 1 0 1 1 1 0 0 1 1 1 1 1 0 1 1 1 0 1 0 1 1 0 1 1 1 1 1 1 1 1 0 1 1 0
 1 0 1 1 1 1 1 1 1 1 1 1 1 0 1 0 1 1 1 1 0 0 1 1 0 1 0 0 1 1 1 1 0 0 1 1 0 1 0 0 0 1 1 1 1 1 1 0 1 1 0 1 0 0 1 1 1 1 1 0 1 0 1 1 1 0 1 1 0 0 1 0 0 1 0 0 1 0 0 1 0 1 1 0 1 1 1 1 0 1 1 0 1 0 1 1 1 0 0 1
 0 1 1 0 0 0 1 1 0 1 1 0 1 1 1 1 1 0 1 1 1 1 1 1 1 0 1 0 0 0 0 1 0 1 1 1 0 1 1 1 1 0 1 1 0 0 1 1 1 0 1 1 1 1 1 1 1 1 1 1 0 0 1 1 1 1 0 1 1 1 0 1 0 1 1 1 1 1 1 1 1 1 1 1 0 1 1 1 1 0 1 0 0 1 1 1 1 1 1 1
 1 0 1 0 1 0 1 0 1 1 1 1 0 1 1 1 0 0 1 0 0 1 1 1 0 0 1 1 1 1 1 1 1 1 1 1 1 1 1 1 1 0 0 1 1 0 1 1 1 1 0 0 1 1 0 0 1 1 1 0 1 1 0 0 0 1 1 0 1 1 1 0 1 0 1 1 1 1 0 1 1 1 1 1 1 1 0 1 0 1 1 1 1 1 1 1 1 1 1 1
 1 1 1 0 1 0 1 1 1 1 1 1 1 0 1 1 0 1 1 1 1 1 0 0 1 1 0 0 1 1 1 0 0 1 1 1 0 1 1 0 1 0 1 0 1 1 0 1 1 1 1 1 0 1 1 0 1 0 1 0 0 0 1 1 1 0 1 1 0 1 1 0 1 1 0 1 1 1 0 0 1 1 0 0 0 1 0 1 1 0 1 1 1 1 1 1 1 0 1 1
 1 1 1 0 1 0 0 1 1 1 1 1 1 1 1 0 1 0 1 1 1 1 1 1 1 0 1 0 0 0 0 1 1 1 1 1 1 1 1 1 1 1 0 0 0 0 0 0 1 0 1 1 1 0 1 0 1 1 1 0 1 1 1 0 1 0 1 1 1 0 1 1 0 1 1 1 1 0 1 1 0 1 0 0 1 0 0 1 1 0 1 1 1 0 1 0 1 0 1 1
 0 1 0 0 1 1 0 1 1 1 1 1 1 1 1 1 1 0 1 1 0 1 1 1 0 1 1 0 0 1 1 1 1 1 1 0 1 0 0 1 1 1 1 1 1 1 1 1 1 1 0 1 1 1 1 0 0 1 0 0 0 1 1 1 1 1 0 1 1 1 0 1 1 0 1 1 1 1 1 1 1 0 1 1 1 0 1 0 1 1 1 1 1 1 1 1 1 0 1 1
 1 1 1 1 1 1 0 1 1 1 1 1 1 1 0 0 0 0 1 1 1 1 0 1 1 1 1 1 0 0 0 1 0 1 1 1 1 0 1 1 1 1 1 1 0 0 1 0 1 0 1 1 1 1 1 1 1 1 1 1 1 1 1 1 0 0 1 0 0 1 1 0 1 1 1 1 0 1 0 0 1 1 1 0 1 1 1 0 1 0 1 1 1 1 1 0 1 0 0 1
 1 0 1 1 1 0 1 1 1 1 1 0 1 1 1 0 1 1 1 1 1 1 0 1 1 1 0 1 1 0 1 0 0 1 1 1 0 0 1 1 1 0 1 1 0 1 0 1 0 0 1 1 0 1 1 1 1 1 1 0 1 1 0 1 0 0 0 1 1 0 1 1 0 1 0 1 1 1 1 0 1 0 1 0 0 1 0 1 1 0 0 0 1 1 0 0 1 1 1 1
 0 1 0 1 1 1 1 0 1 1 1 1 1 1 1 0 0 1 1 1 1 1 0 1 1 0 0 1 0 1 1 0 1 1 1 1 1 1 0 1 0 1 1 1 0 1 1 0 0 1 1 1 1 1 1 1 0 0 1 1 1 1 1 1 1 1 1 0 1 1 0 1 1 0 1 1 0 0 1 1 1 1 0 0 1 1 1 1 1 1 1 1 1 1 1 1 1 0 0 1
 1 1 0 1 1 0 0 1 1 0 0 1 1 1 1 0 1 1 1 1 0 1 1 0 1 1 1 1 1 0 1 1 0 0 1 1 1 0 0 0 1 1 1 1 1 1 1 0 0 1 1 0 1 0 1 0 0 0 1 1 1 1 1 0 1 0 1 1 0 1 1 1 0 1 0 1 1 0 1 1 1 1 1 1 1 0 1 1 1 0 1 1 0 1 0 1 1 1 0 1
 0 1 0 1 1 1 1 0 0 1 0 1 1 1 0 1 0 1 1 1 1 1 1 0 1 0 1 1 1 1 1 1 0 1 0 0 1 1 1 0 1 1 1 1 1 1 1 0 1 1 1 0 1 1 0 1 1 1 1 0 0 1 1 1 1 0 1 1 1 1 1 1 1 1 1 0 1 1 1 1 1 1 1 1 1 0 1 1 0 1 0 1 1 0 1 1 1 0 1 1
 1 1 1 1 1 1 1 0 1 1 0 1 1 1 1 0 0 0 1 1 1 1 0 0 1 1 1 1 1 0 1 0 0 0 1 1 1 1 1 1 1 1 1 1 1 0 0 1 1 0 1 0 0 0 1 1 1 0 1 1 1 0 0 1 1 1 1 1 1 1 1 0 1 0 1 1 0 1 0 0 1 1 1 1 0 1 1 1 1 1 1 1 1 0 1 0 1 0 1 1
 1 1 1 1 1 1 0 1 1 0 1 1 1 0 1 1 1 0 0 1 1 1 1 1 0 1 1 1 1 1 1 1 0 0 1 1 1 0 0 1 1 1 1 0 0 1 1 1 0 0 1 1 1 1 1 1 1 1 0 1 1 1 1 1 1 0 1 1 1 0 1 1 1 0 0 1 1 0 1 1 0 1 1 1 1 1 1 0 1 1 1 1 1 1 1 0 1 1 1 1
 0 0 1 1 1 1 0 1 1 1 1 1 1 0 1 0 1 1 1 1 1 1 1 1 1 0 1 1 1 1 1 1 1 0 0 1 1 0 1 1 1 1 1 1 1 1 1 1 1 0 1 1 0 1 0 1 1 0 1 1 1 0 1 0 0 0 1 0 0 1 1 0 1 1 1 1 0 1 0 1 1 0 1 1 1 1 1 0 0 1 0 1 1 1 1 1 1 1 0 0
 1 1 0 0 1 1 0 0 1 1 0 1 1 1 0 0 1 0 1 1 0 1 1 1 1 0 1 0 1 1 1 1 1 1 0 0 1 0 0 0 0 1 1 1 1 1 1 1 1 0 1 1 0 0 1 0 1 1 1 0 1 1 0 0 1 1 1 1 0 1 1 0 0 1 1 1 0 1 1 0 1 1 1 0 0 1 1 1 1 1 1 1 0 1 1 0 1 0 0 1
 1 1 1 1 0 1 1 0 0 1 1 0 1 1 1 1 1 0 1 1 0 1 1 0 1 1 1 1 1 0 1 1 1 1 1 1 0 1 0 1 1 1 1 1 1 1 1 1 1 1 1 1 1 1 1 0 0 0 1 0 1 1 0 1 1 0 1 1 1 0 1 1 1 1 1 1 1 0 1 1 0 1 1 1 1 1 1 1 1 1 1 0 1 0 1 1 1 1 1 1
 0 1 1 1 1 1 1 1 0 1 0 0 1 1 1 0 1 0 0 1 1 1 1 1 1 1 1 0 0 0 0 0 0 1 1 1 1 1 1 1 1 1 1 0 0 1 0 1 1 1 0 0 1 1 1 1 0 1 0 0 0 1 0 1 1 1 1 1 1 1 0 1 0 1 1 1 1 1 0 1 1 0 1 1 1 0 1 1 1 1 1 1 1 0 1 0 1 1 1 0
 1 1 1 1 1 0 1 1 1 1 1 1 0 1 1 1 0 1 1 1 1 0 1 1 0 1 1 1 0 1 1 1 1 1 1 1 1 0 1 1 1 0 1 0 0 0 1 1 1 1 0 1 1 1 1 0 1 1 1 1 1 0 1 1 0 1 1 1 0 0 1 1 1 0 1 1 1 1 1 1 1 1 0 1 0 0 1 1 1 0 1 0 0 1 1 1 0 0 1 0
 1 1 0 1 1 1 0 1 1 0 0 0 1 1 1 1 1 1 1 0 1 1 1 0 0 1 0 0 1 1 1 1 1 1 1 1 1 0 0 1 1 1 0 1 0 0 1 1 1 1 1 1 1 1 1 1 1 1 0 1 1 0 1 0 1 0 1 1 0 0 1 0 0 0 1 1 1 1 1 0 1 1 1 0 1 1 1 0 0 1 1 1 1 0 1 0 0 1 1 1
 0 1 1 1 1 1 0 1 1 0 1 0 0 0 1 0 0 0 0 0 0 1 1 0 1 0 0 0 1 1 1 0 1 1 1 1 1 0 1 0 1 0 1 1 1 0 1 1 1 1 1 0 1 1 1 1 0 1 1 1 1 1 1 1 0 1 0 1 0 1 1 1 0 1 1 1 0 1 1 0 1 1 0 1 0 1 1 1 0 0 0 1 1 1 1 1 1 1 0 0
 0 0 1 1 1 0 1 1 0 1 0 1 1 0 1 0 1 0 1 0 1 0 0 1 0 0 0 1 1 1 1 1 1 1 1 1 1 0 1 1 0 1 1 1 0 1 1 1 1 1 1 1 0 1 0 1 1 1 1 1 0 0 1 1 1 1 1 1 1 0 0 1 1 1 0 0 1 1 1 1 1 0 0 1 1 0 1 1 1 0 1 1 1 1 0 1 1 1 1 1
 1 1 0 1 1 0 1 1 0 0 0 0 1 0 1 1 0 1 1 1 0 0 0 1 0 1 1 1 0 1 1 1 0 1 1 1 1 1 1 1 1 1 1 1 0 1 0 1 1 1 1 1 0 1 1 0 1 1 0 1 1 0 0 1 1 1 1 0 0 0 1 1 0 1 1 1 1 1 1 1 1 1 1 1 1 1 0 1 0 1 0 1 1 1 1 1 0 1 1 1
 0 1 1 0 0 1 1 1 1 0 1 1 1 1 1 0 1 0 1 1 1 0 0 1 1 1 1 0 1 1 0 1 1 0 0 1 1 1 0 1 0 1 1 1 1 1 1 1 0 1 1 0 1 1 1 1 1 1 0 1 1 0 1 0 0 1 1 1 1 1 0 0 1 1 1 1 1 0 0 1 1 1 1 0 1 1 1 0 1 0 0 1 1 1 1 0 0 1 1 0
 0 1 1 1 1 1 1 1 0 1 0 0 0 1 0 1 1 0 1 1 1 0 1 0 0 0 0 1 0 1 1 0 1 1 0 1 1 1 0 1 1 1 1 0 1 0 1 1 1 1 0 0 0 1 1 1 1 1 0 0 1 1 1 1 1 0 1 0 1 1 1 1 1 1 1 0 1 1 0 1 1 1 1 0 0 1 0 1 0 1 1 1 1 1 1 0 0 1 1 1
 1 1 1 0 0 1 1 1 1 1 1 1 1 1 0 1 1 0 1 1 0 1 1 1 1 1 0 0 1 0 1 1 1 1 1 1 1 1 1 0 1 1 1 0 1 0 1 1 0 0 0 1 1 1 1 1 1 0 0 1 0 0 1 1 1 1 0 1 0 0 1 0 0 1 0 1 1 1 1 1 1 1 0 1 0 0 1 0 1 0 1 1 1 1 1 1 1 0 0 0
 1 1 0 1 1 1 1 1 1 1 1 1 1 1 1 1 1 1 1 1 0 1 1 1 1 0 1 1 1 0 1 1 1 0 0 1 0 1 0 1 0 1 1 1 0 0 1 1 0 1 0 0 1 0 1 1 1 0 1 1 1 1 1 1 1 1 1 1 1 1 1 1 0 1 1 0 1 1 0 1 1 1 1 1 0 1 0 0 1 1 0 1 0 0 1 1 1 0 0 1
 1 1 1 0 1 1 0 1 0 1 0 0 1 1 1 1 1 1 1 0 0 1 1 0 0 0 1 1 0 1 1 1 0 0 1 1 1 1 1 1 1 1 1 1 1 0 1 1 1 1 0 1 1 1 1 0 0 1 1 1 1 1 1 0 1 0 0 1 1 1 1 1 0 1 1 1 1 1 1 1 0 1 0 1 1 1 1 1 1 1 1 0 1 1 0 1 1 0 1 1
 1 1 1 1 1 1 0 1 1 1 1 0 1 1 1 1 1 0 1 0 1 1 1 0 1 0 1 1 1 1 0 0 1 1 1 0 0 0 1 0 1 1 1 1 1 1 1 1 1 1 0 1 1 1 1 1 1 1 1 1 1 0 0 0 1 1 0 1 1 1 1 1 1 1 0 1 1 1 1 0 1 1 0 1 1 1 1 1 1 1 0 1 0 1 1 1 1 0 1 1
 1 1 0 1 1 1 0 1 1 1 0 1 0 0 1 1 1 1 1 1 1 0 1 1 1 1 0 1 0 1 0 0 1 1 0 1 0 0 1 1 1 1 0 1 1 1 1 0 1 1 0 0 1 1 0 1 0 1 0 1 1 1 0 1 1 0 1 1 1 0 1 1 1 1 1 0 0 1 1 1 0 0 1 0 1 1 1 1 1 1 0 1 1 0 1 1 0 1 1 1
 0 0 0 1 1 1 1 1 1 1 0 0 1 0 1 1 1 1 1 1 1 1 1 1 1 1 1 1 1 1 1 1 1 1 0 1 1 1 1 1 0 0 1 1 0 1 1 1 1 1 1 1 1 1 1 1 1 0 1 1 0 1 1 1 1 1 1 1 1 1 1 1 0 1 0 1 1 1 1 1 1 1 1 1 1 0 1 1 1 1 1 0 1 1 0 1 1 1 1 0
 0 0 0 1 0 1 1 1 0 1 1 0 0 0 1 1 1 0 1 1 0 1 1 0 1 0 1 1 1 1 1 1 1 1 0 0 1 1 1 0 1 1 0 1 0 1 1 1 1 1 1 1 1 1 1 1 1 1 1 1 1 0 1 1 1 1 1 1 1 0 1 0 0 1 1 1 0 0 1 0 1 0 1 0 1 1 1 0 0 1 1 1 1 1 1 0 1 1 0 0
 1 1 1 1 1 0 0 1 0 1 0 1 1 0 1 1 1 1 1 1 0 1 1 1 1 0 1 1 1 1 0 1 0 1 1 0 1 1 1 1 1 1 1 1 1 1 0 0 0 0 1 1 1 1 0 1 0 1 1 1 0 0 1 0 0 1 1 1 1 1 1 1 1 1 1 1 1 1 1 1 1 1 0 0 1 1 0 0 0 1 1 1 1 0 1 1 0 1 1 0
 1 1 0 1 1 1 0 1 1 1 0 0 1 0 0 0 0 1 0 1 0 1 0 1 1 1 1 0 0 1 1 1 1 1 0 1 1 1 1 1 1 1 1 1 0 1 1 1 1 0 1 1 0 1 0 1 1 0 1 1 0 1 1 1 1 0 1 1 0 0 0 0 1 0 1 0 0 1 1 0 1 1 0 1 1 1 1 1 1 0 0 0 0 1 1 1 1 0 1 1
 1 1 0 1 0 1 1 1 0 0 1 0 1 0 1 1 1 0 0 1 1 0 0 1 0 1 1 0 1 1 1 1 1 1 1 1 1 1 0 1 0 1 1 0 1 1 0 0 1 1 0 1 1 1 0 0 1 1 1 1 0 0 1 0 1 0 1 1 1 1 1 0 1 0 0 1 1 1 0 0 1 1 1 1 0 1 1 1 1 0 0 1 1 1 1 0 1 1 0 1
 1 1 1 1 1 1 0 0 1 1 0 0 0 1 1 1 1 1 1 1 1 1 1 1 0 0 1 1 1 0 1 1 1 0 0 1 0 1 1 1 0 0 1 1 0 1 1 0 1 1 0 0 1 1 1 1 1 1 0 0 1 1 1 0 0 1 1 1 1 1 1 1 1 1 1 1 1 1 0 1 1 0 0 1 0 1 1 0 1 0 1 1 1 1 0 0 0 1 1 0
(26.050) 94 : { 1 2 3 4 5 6 7 8 10 11 12 13 14 15 16 17 18 19 20 21 22 23 24 26 27 28 29 30 31 32 33 34 35 36 37 38 40 41 42 43 44 46 48 49 50 51 52 54 55 56 57 58 59 60 61 62 64 65 66 67 68 69 70 71 72 73 74 75 76 77 78 79 80 81 82 83 84 85 86 88 89 90 91 92 93 94 95 96 97 98 99 100 } |92|
